CUTE-1 (CO-55)          
1 27844U 03031E   26277.97299507  .00000186  00000+0  99190-4 0  9990
2 27844  98.6771 285.1723 0008734 221.9892 138.0618 14.24389855207306
CUBESAT XI-IV (CO-57)   
1 27848U 03031J   26276.82206664  .00000128  00000+0  75422-4 0  9997
2 27848  98.6804 283.6606 0008396 246.7682 113.2613 14.23666825206837
CUBESAT XI-V            
1 28895U 05043F   26277.92279357  .00000917  00000+0  15144-3 0  9996
2 28895  98.3125  75.9651 0013336 213.4895 146.5470 14.72862801117907
CUTE-1.7+APD II (CO-65) 
1 32785U 08021C   26277.92742560  .00004067  00000+0  25218-3 0  9992
2 32785  97.8405 261.7763 0009320  26.0030 334.1665 15.10304223  1760
CANX-2                  
1 32790U 08021H   26277.92186281  .00002351  00000+0  16452-3 0  9994
2 32790  97.8772 259.9624 0011240  40.1842 320.0213 15.06250631  1323
SEEDS II (CO-66)        
1 32791U 08021J   26277.94966315  .00020806  00000+0  59228-3 0  9994
2 32791  97.7576 281.4176 0000361 349.5845  10.5390 15.36148778  4116
SWISSCUBE               
1 35932U 09051B   26277.97185185  .00000639  00000+0  13542-3 0  9990
2 35932  98.3942 187.7236 0005638 225.2098 134.8645 14.62650740905205
BEESAT-1                
1 35933U 09051C   26277.69726322  .00000460  00000+0  10180-3 0  9991
2 35933  98.3867 186.8465 0003996 242.7194 117.3600 14.61861764905185
ITUPSAT1                
1 35935U 09051E   26277.71594026  .00000428  00000+0  98064-4 0  9992
2 35935  98.3947 185.9376 0006174 258.7642 101.2864 14.60571746904723
TISAT 1                 
1 36799U 10035E   26277.85712755  .00024068  00000+0  69520-3 0  9991
2 36799  98.0807 234.5396 0002144 142.2424 217.8968 15.35664302884512
STRAND-1                
1 39090U 13009E   26277.91701248  .00000169  00000+0  71214-4 0  9994
2 39090  98.3970  95.5005 0007476 262.2674  97.7664 14.37214692712824
BRITE-AUSTRIA           
1 39091U 13009F   26277.42076748  .00000088  00000+0  44553-4 0  9997
2 39091  98.4049  94.2036 0009011 274.8655  85.1503 14.36576551712735
NEE-01 PEGASO           
1 39151U 13018B   26277.37674167  .00001667  00000+0  16161-3 0  9994
2 39151  98.1383  65.2779 0012828 158.8366 201.3386 14.94093047727007
POPACS 2                
1 39269U 13055E   26276.55429535  .00020665 -50637-6  33701-3 0  9998
2 39269  80.9930  19.8206 0404098 204.8839 153.2417 14.94484045679384
POPACS 3                
1 39270U 13055F   26277.86176296  .00009094  00000+0  21095-3 0  9995
2 39270  80.9978 110.0970 0545775  95.2782 271.0906 14.57727875654528
ZACUBE-1 (TSHEPISOSAT)  
1 39417U 13066B   26277.89687115  .00003230  00000+0  24813-3 0  9997
2 39417  97.8192 240.8451 0037535 243.0586 116.6802 15.01939765697199
WNISAT-1                
1 39423U 13066H   26277.86756790  .00000657  00000+0  12832-3 0  9995
2 39423  97.7367  59.3496 0161463 246.2529 112.1665 14.58214002682712
TRITON-1                
1 39427U 13066M   26277.95142543  .00000556  00000+0  72289-4 0  9995
2 39427  97.8140 185.2214 0087813 235.9756 123.3095 14.82100001690345
GOMX-1                  
1 39430U 13066Q   26277.94204079  .00000781  00000+0  12258-3 0  9990
2 39430  97.6423 111.4858 0129438  84.7016 276.8945 14.69742240686036
CUBEBUG-2 (LO-74)       
1 39440U 13066AA  26277.82962466  .00002861  00000+0  26290-3 0  9991
2 39440  97.9022 227.3792 0057725  25.2181 335.1837 14.94380525693366
NEE-02 KRYSAOR          
1 39441U 13066AB  26277.57059942  .00001257  00000+0  14123-3 0  9990
2 39441  97.8969 216.0662 0067136  71.2399 289.6086 14.86957379692452
FUNCUBE-1 (AO-73)       
1 39444U 13066AE  26277.91521355  .00005307  00000+0  31924-3 0  9991
2 39444  97.8417 251.8411 0034886 186.8569 173.2188 15.10783487696225
UWE-3                   
1 39446U 13066AG  26277.87716625  .00003365  00000+0  28623-3 0  9998
2 39446  97.8824 234.8096 0047416 314.7318  45.0048 14.97674767693992
BRITE-CA1 (TORONTO)     
1 40020U 14033L   26277.82975871  .00000524  00000+0  86441-4 0  9995
2 40020  97.9887  44.8354 0077069 286.1742  73.0994 14.72833123658356
NANOSATC-BR1            
1 40024U 14033Q   26277.66334795  .00015296  00000+0  45912-3 0  9994
2 40024  98.0626 319.9753 0004456 145.7212 214.4317 15.34551456670757
QB50P1                  
1 40025U 14033R   26277.83007130  .00006195  00000+0  29397-3 0  9991
2 40025  98.0961 296.7892 0007883 199.4886 160.6047 15.19652658669676
QB50P2                  
1 40032U 14033Y   26277.94582211  .00005841  00000+0  30457-3 0  9995
2 40032  98.0818 281.8071 0008031 149.6480 210.5218 15.16371600669297
PERSEUS-M2              
1 40037U 14033AD  26277.91577603  .00000288  00000+0  31360-4 0  9991
2 40037  98.0099 230.7760 0010506 301.8644  58.1553 14.95781317667185
PERSEUS-M1              
1 40039U 14033AF  26277.81224649  .00001325  00000+0  12375-3 0  9998
2 40039  97.9754 223.8149 0010026 297.8925  62.1279 14.95926834667028
POLYITAN-1              
1 40042U 14033AJ  26277.82664563  .00020999  00000+0  58732-3 0  9991
2 40042  98.0869 314.7273 0007830 119.6039 240.5984 15.36676348670415
TIGRISAT                
1 40043U 14033AK  26277.38455932  .00001059  00000+0  12626-3 0  9999
2 40043  97.7988  65.0237 0050224  76.7401 283.9409 14.85487338661832
AEROCUBE 6A             
1 40045U 14033AM  26277.92837857  .00004109  00000+0  33890-3 0  9996
2 40045  97.7320  83.8656 0036976   7.8705 352.3090 14.99050190663057
AEROCUBE 6B             
1 40046U 14033AN  26277.42206290  .00003749  00000+0  29663-3 0  9995
2 40046  97.7410  83.3798 0040230 353.5614   6.5087 15.00608274663136
CANX-4                  
1 40055U 14034C   26277.91558255  .00000585  00000+0  82046-4 0  9991
2 40055  98.2928 157.1615 0013284  23.6112 336.5707 14.81418279660775
CANX-5                  
1 40056U 14034D   26277.64255703  .00000493  00000+0  70237-4 0  9991
2 40056  98.2931 156.9291 0013321  24.5930 335.5914 14.81434911651542
UKUBE-1                 
1 40074U 14037F   26277.79219066  .00005973  00000+0  32469-3 0  9994
2 40074  98.4262 292.7285 0002527 124.9614 235.1853 15.14936574665140
BRITE-PL2 (HEWELIUSZ)   
1 40119U 14049B   26277.82286576  .00000897  00000+0  87595-4 0  9992
2 40119  97.9188  30.7453 0015228 104.2837 256.0075 14.94907853657827
AEROCUBE 5C             
1 40965U 15058B   26277.44807456  .00001797  00000+0  16178-3 0  9994
2 40965  64.7646 282.5340 0139861  22.3247 338.3871 14.91923788381952
AEROCUBE 7              
1 40966U 15058C   26277.92628965  .00004201  00000+0  32529-3 0  9995
2 40966  64.7605 260.8747 0129562  20.2123 340.4053 14.96410775382370
FOX-1A (AO-85)          
1 40967U 15058D   26277.79911991  .00001771  00000+0  16140-3 0  9995
2 40967  64.7729 298.1901 0140532  15.8666 344.6780 14.91446778129915
SINOD-D 1               
1 40968U 15058E   26277.28924131  .00003085  00000+0  24180-3 0  9993
2 40968  64.7733 277.0327 0129280  12.2050 348.2144 14.96592921132986
LMRST-SAT               
1 40971U 15058H   26277.78338961  .00001743  00000+0  16019-3 0  9993
2 40971  64.7734 294.7931 0141917  17.7483 342.8512 14.91042762129892
PROPCUBE 3              
1 40973U 15058K   26277.94600761  .00003606  00000+0  29040-3 0  9991
2 40973  64.7668 269.4208 0133577  18.6242 341.9691 14.94850761131207
BISONSAT                
1 40974U 15058L   26277.96372363  .00014465  00000+0  63751-3 0  9990
2 40974  64.7571 178.0414 0087716   1.2019 358.9300 15.18573649132275
SNAP-3 JIMI             
1 40975U 15058M   26277.85411186  .00007016  00000+0  45643-3 0  9990
2 40975  64.7633 232.4769 0115641  13.5377 346.8797 15.03344745130704
PROPCUBE 1 (FLORA)      
1 40976U 15058N   26277.83972599  .00001345  00000+0  13233-3 0  9998
2 40976  64.7732 315.2557 0140286  19.9680 340.6843 14.89657259132593
SINOD-D 3               
1 40977U 15058P   26277.39175006  .00002081  00000+0  17696-3 0  9993
2 40977  64.7699 294.6125 0128866  16.9589 343.5771 14.94639242131074
RAVAN                   
1 41849U 16067B   26277.68404944  .00101148  00000+0  90609-3 0  9990
2 41849  97.9692 180.8657 0002331  47.4496 312.6960 15.68006669544779
CELTEE 1                
1 41850U 16067C   26277.87013073  .00004427  00000+0  20568-3 0  9991
2 41850  98.0483 151.8907 0001138 121.1416 238.9930 15.20583386542547
OPTICUBE 04             
1 41851U 16067D   26277.56172040  .00001341  00000+0  86619-4 0  9990
2 41851  98.0547 135.5095 0016829 105.8802 254.4282 15.10027474541673
AEROCUBE 8D             
1 41852U 16067E   26277.92395805  .00006808  00000+0  27027-3 0  9997
2 41852  98.0487 156.4481 0004806 106.0029 254.1737 15.25707940542799
AEROCUBE 8C             
1 41853U 16067F   26277.60268081  .00005809  00000+0  22929-3 0  9994
2 41853  98.0365 153.1933 0006304  51.8884 308.2920 15.25964846542742
CORVUS BC2              
1 42846U 17042X   26277.91589290  .00002758  00000+0  18853-3 0  9994
2 42846  97.4200  75.1401 0014293  95.9843 264.3015 15.06861405503581
CORVUS BC1              
1 42847U 17042Y   26277.96526803  .00002034  00000+0  13961-3 0  9993
2 42847  97.4229  76.0708 0013220  74.5215 285.7472 15.07010464503629
MAKERSAT 0              
1 43016U 17073D   26277.95867646  .00023762  00000+0  57919-3 0  9990
2 43016  97.4429 161.5281 0095936 240.6956 118.4676 15.36165166483298
SIRION PATHFINDER-2     
1 43759U 18099B   26277.69363483  .00002963  00000+0  16075-3 0  9992
2 43759  97.4138 324.1358 0006940 281.6932  78.3521 15.15307852429208
CORVUS BC4              
1 43767U 18099K   26277.85085150  .00003476  00000+0  19926-3 0  9999
2 43767  97.3958 317.6096 0007684 353.8594   6.2542 15.13207725428987
M2 PATHFINDER           
1 45727U 20037E   26277.35915538  .00001789  00000+0  13017-3 0  9999
2 45727  97.8112 109.8548 0012159 139.5824 220.6307 15.05075104341916
NETSAT-4                
1 46504U 20068U   26277.60404914  .00018006  00000+0  35459-3 0  9990
2 46504  97.8603 294.9327 0002823 292.1860  67.9089 15.47300365332677
NETSAT-3                
1 46505U 20068V   26277.56244378  .00016222  00000+0  33312-3 0  9996
2 46505  97.8661 292.9792 0003020 324.4383  35.6664 15.46101050332563
NETSAT-1                
1 46506U 20068W   26277.27038892  .00008498  00000+0  23836-3 0  9993
2 46506  97.8788 285.6195 0004223   9.1121 351.0198 15.36851473332043
NETSAT-2                
1 46507U 20068X   26277.97868116  .00022711  00000+0  40448-3 0  9993
2 46507  97.8609 295.7099 0002410 341.9372  18.1792 15.50139709332725
GREENCUBE (IO-117)      
1 53109U 22080E   26276.97409515 -.00000003  00000+0  00000+0 0  9995
2 53109  70.1208 260.3996 0009162 266.6515  93.3097  6.42583783 99052
SITRO-AIS 5 (KATYS)     
1 57176U 23091L   26277.90393168  .00011943  00000+0  39296-3 0  9993
2 57176  97.4941 342.9475 0012011  77.3203 282.9380 15.31599239181125
SITRO-AIS 6 (CHIRKIN)   
1 57192U 23091AC  26277.95342694  .00009514  00000+0  35357-3 0  9999
2 57192  97.4949 341.5013 0012480  82.1805 278.0850 15.27682371181039
SITRO-AIS 8 (ANOKHIN)   
1 57193U 23091AD  26277.90922173  .00015393  00000+0  45858-3 0  9990
2 57193  97.4942 345.0268 0010748  73.5726 286.6697 15.34723002181269
SITRO-AIS 7 (FARTUSHNIY)
1 57194U 23091AE  26277.91521313  .00009421  00000+0  35400-3 0  9990
2 57194  97.4945 341.2256 0012433  83.4317 276.8337 15.27322617181011
SITRO-AIS 10 (BURDAEV)  
1 57199U 23091AK  26277.95670539  .00022468  00000+0  52032-3 0  9990
2 57199  97.4973 351.3678 0006329  49.0907 311.0887 15.42439521181660
SITRO-AIS 9 (SHCHUKIN)  
1 57201U 23091AM  26277.95718447  .00022619  00000+0  53459-3 0  9997
2 57201  97.4971 351.0022 0006635  49.2830 310.8992 15.41823508181642
SITRO-AIS 12 (SMIRENNIY)
1 57204U 23091AQ  26277.92615827  .00020649  00000+0  48333-3 0  9991
2 57204  97.4986 351.5095 0006109  44.0658 316.1075 15.42137355181665
SITRO-AIS 11 (SHEFFER)  
1 57208U 23091AU  26277.90600922  .00022953  00000+0  52746-3 0  9996
2 57208  97.4984 351.8130 0006069  43.5984 316.5741 15.42668927181681
SITRO-AIS 25            
1 59066U 24039R   26277.96543552  .00002803  00000+0  21793-3 0  9994
2 59066  95.3791 310.4857 0141242 304.3619  54.4312 14.94130053141117
SITRO-AIS 26            
1 59067U 24039S   26277.98244559  .00002943  00000+0  22981-3 0  9997
2 59067  95.3795 310.3716 0141560 305.0523  53.7490 14.93912299141107
SITRO-AIS 27            
1 59068U 24039T   26277.98808108  .00002674  00000+0  20718-3 0  9991
2 59068  95.3796 310.6993 0140551 303.3779  55.4062 14.94350424141136
SITRO-AIS 28            
1 59071U 24039U   26277.96301303  .00002810  00000+0  21740-3 0  9996
2 59071  95.3793 310.7354 0140521 303.2415  55.5408 14.94382001141133
GRBBETA                 
1 60237U 24128C   26277.96904014  .00002153  00000+0  15549-3 0  9999
2 60237  61.9888 190.8984 0024471 158.9272 201.2835 15.07270556122814
OOV-CUBE (TUBSAT-30)    
1 60240U 24128F   26277.96342610  .00001201  00000+0  10331-3 0  9998
2 60240  61.9942 202.6709 0028876 159.5942 200.6310 15.03151764122614
ROBUSTA-3A (MEDITERRAN*)
1 60243U 24128J   26277.95873203  .00005870  00000+0  34161-3 0  9990
2 60243  61.9859 179.6675 0025777 149.5082 210.7519 15.12901743123029
LASARSAT                
1 62391U 24247Q   26277.93827060  .00050672  00000+0  77885-3 0  9996
2 62391  44.9733   2.2743 0009902 319.6971  40.3187 15.53487133100348
CROCUBE                 
1 62394U 24247T   26277.50446834  .00047886  00000+0  65549-3 0  9995
2 62394  44.9705 359.7387 0010348 328.4210  31.6061 15.56657973100331
FORESAIL-1 PRIME        
1 66778U 25276DS  26277.93372364  .00003804  00000+0  18248-3 0  9997
2 66778  97.4099 349.1916 0003824  89.0810 271.0863 15.19474849 47066
KNACKSAT-2              
1 67683U 98067YA  26277.90937919  .00093424  00000+0  71480-3 0  9995
2 67683  51.6234  98.1969 0008667 251.8789 108.1265 15.71327870 37466
MARINA                  
1 69920U 26156BD  26277.66851585  .00001477  00000+0  15034-3 0  9998
2 69920  97.7428 176.6442 0006433 208.2453 151.8418 14.92221876 13324
