TDRS 3                  
1 19548U 88091B   26261.05813479 -.00000298  00000+0  00000+0 0  9995
2 19548  12.5329 340.3791 0038340 352.3503 356.3975  1.00273736126317
FLTSATCOM 8 (USA 46)    
1 20253U 89077A   26261.60669846 -.00000366  00000+0  00000+0 0  9999
2 20253  12.3980 350.5881 0002911 225.7196 125.4066  1.00271309261491
TDRS 5                  
1 21639U 91054B   26259.38305910  .00000084  00000+0  00000+0 0  9993
2 21639  14.0607 353.0930 0009295 251.3171  81.4707  1.00281593128624
TDRS 6                  
1 22314U 93003B   26260.96522642 -.00000295  00000+0  00000+0 0  9994
2 22314  14.1860 356.3577 0009677 201.6557 100.5946  1.00273868123337
UFO 2 (USA 95)          
1 22787U 93056A   26260.94338654  .00000124  00000+0  00000+0 0  9992
2 22787  11.9282   3.0270 0001953 242.9212 119.1892  1.00272802119489
UFO 4 (USA 108)         
1 23467U 95003A   26261.67058148 -.00000022  00000+0  00000+0 0  9998
2 23467   9.7020  12.7682 0003026 164.1143 234.4687  1.00269806115899
TDRS 7                  
1 23613U 95035B   26260.70808521 -.00000240  00000+0  00000+0 0  9999
2 23613  13.2995 347.5435 0010892  98.8980 254.3698  1.00272646114178
USA 115 (MILSTAR-1 2)   
1 23712U 95060A   26261.07641473 -.00000202  00000+0  00000+0 0  9997
2 23712  14.1061   3.0428 0006079 159.8714 131.5830  1.00270870 33815
INMARSAT 3-F1           
1 23839U 96020A   26261.58199090 -.00000095  00000+0  00000+0 0  9993
2 23839  10.7927  45.7446 0007056 154.2893 176.3930  1.00003450111187
INMARSAT 3-F2           
1 24307U 96053A   26261.50587963  .00000113  00000+0  00000+0 0  9992
2 24307  10.0635  52.9609 0005708 123.5705  56.0086  0.99979146109859
INMARSAT 3-F3           
1 24674U 96070A   26261.27161611 -.00000290  00000+0  00000+0 0  9997
2 24674  10.5160  48.7296 0006072 155.1374 200.7763  0.99991342108836
USA 134                 
1 25019U 97065A   26261.40188325 -.00000064  00000+0  00000+0 0  9991
2 25019  12.8945  21.0036 0002640 269.1120  99.6704  1.00269844 33895
INMARSAT 3-F5           
1 25153U 98006B   26261.84111501 -.00000292  00000+0  00000+0 0  9999
2 25153   9.8979  52.2961 0004468 123.9082  70.4047  1.00273397104832
ABS-6                   
1 25924U 99053A   26261.76888264 -.00000123  00000+0  00000+0 0  9999
2 25924   0.0023 172.1231 0001347 343.4322 277.9429  1.00272440 98773
UFO 10 (USA 146)        
1 25967U 99063A   26261.13448846 -.00000189  00000+0  00000+0 0  9998
2 25967   9.9239  26.7032 0004165 193.3097 162.5307  1.00275852 98271
ASIASTAR                
1 26107U 00016A   26261.60457659 -.00000336  00000+0  00000+0 0  9993
2 26107   9.3432  57.1253 0003846 120.5093 142.5619  1.00273647 96859
USA 149 (DSP 20)        
1 26356U 00024A   26261.55518999 -.00000249  00000+0  00000+0 0  9990
2 26356  13.2681  11.2449 0012013  40.5039 265.0551  0.99196463 33854
TDRS 8                  
1 26388U 00034A   26261.36964314 -.00000196  00000+0  00000+0 0  9992
2 26388  12.8291  30.5126 0001207 118.4545  66.2017  1.00270233 96114
NSS-11                  
1 26554U 00059A   26261.71170948  .00000021  00000+0  00000+0 0  9991
2 26554   2.3611  80.1727 0002973 104.3864 245.2984  1.00272561 42227
USA 153                 
1 26575U 00065A   26261.57334543 -.00000326  00000+0  00000+0 0  9997
2 26575  11.7841  34.6214 0001566 136.7425 166.9455  1.00268738 33866
AMC-6                   
1 26580U 00067A   26261.55808674  .00000084  00000+0  00000+0 0  9994
2 26580   0.3851  83.5951 0004280 100.6452 239.1177  1.00273264 94821
USA 157 (MILSTAR-2 2)   
1 26715U 01009A   26261.46850279  .00000109  00000+0  00000+0 0  9997
2 26715  11.6456  19.1622 0042656 179.0164 177.9319  1.00267700 33879
INTELSAT 902 (IS-902)   
1 26900U 01039A   26261.84189501 -.00000286  00000+0  00000+0 0  9998
2 26900   6.3472  70.5957 0004034 107.8966  72.2382  1.00272816 91632
USA 164 (MILSTAR-2 3)   
1 27168U 02001A   26261.00062148  .00000096  00000+0  00000+0 0  9998
2 27168  11.2914  21.3209 0098317  10.2834 344.4884  1.00270546 33889
INTELSAT 904 (IS-904)   
1 27380U 02007A   26261.84553502 -.00000228  00000+0  00000+0 0  9999
2 27380   7.1481  68.0202 0003095 107.8325  94.8423  1.00272658 52709
DIRECTV 5 (TEMPO 1)     
1 27426U 02023A   26261.47363948 -.00000061  00000+0  00000+0 0  9995
2 27426   5.1096  74.0997 0003149 103.0833 240.6340  1.00272018 89057
INTELSAT 905 (IS-905)   
1 27438U 02027A   26261.59766925  .00000091  00000+0  00000+0 0  9999
2 27438   6.9820  68.6330 0003048 134.2208 232.6403  1.00271908 52300
GALAXY 3C (G-3C)        
1 27445U 02030A   26261.47667284 -.00000156  00000+0  00000+0 0  9999
2 27445   3.9756  76.7920 0001627  40.8763 316.4949  1.00272346 47427
INTELSAT 906 (IS-906)   
1 27513U 02041A   26261.50813296  .00000010  00000+0  00000+0 0  9995
2 27513   6.0333  71.7285 0003158 123.2803  49.5135  1.00270829 87967
NIMIQ 2                 
1 27632U 02062A   26261.47381281 -.00000072  00000+0  00000+0 0  9999
2 27632   9.6567  55.8780 0005761 116.2892 246.5957  1.00273387 45127
USA 167                 
1 27691U 03008A   26261.47121279  .00000004  00000+0  00000+0 0  9998
2 27691  11.1410  42.5436 0003047 295.8710  66.5547  1.00273665  7713
USA 169 (MILSTAR-2 4)   
1 27711U 03012A   26261.66812036 -.00000197  00000+0  00000+0 0  9999
2 27711  12.4764  28.2035 0096673  12.3374 349.7996  1.00271372 33898
ASIASAT 4               
1 27718U 03014A   26261.79836463 -.00000225  00000+0  00000+0 0  9994
2 27718   4.9371  74.5213 0002719 107.1824 250.9885  1.00273067 46233
HELLAS-SAT 2            
1 27811U 03020A   26261.86225397 -.00000086  00000+0  00000+0 0  9996
2 27811   7.5811  66.7256 0007807 140.9103  90.6041  1.00272902 43780
THURAYA-2               
1 27825U 03026A   26261.50414630  .00000123  00000+0  00000+0 0  9999
2 27825   8.9827  31.5051 0000441  73.0623 118.3664  1.00272208 85289
OPTUS C1                
1 27831U 03028B   26261.81138102 -.00000153  00000+0  00000+0 0  9993
2 27831   7.1177  68.2351 0005477 105.8607 271.5036  1.00272923 54000
USA 170                 
1 27875U 03040A   26261.07252154  .00000123  00000+0  00000+0 0  9993
2 27875  10.6932  47.0396 0001506 156.2724 203.8966  1.00272278 33920
GALAXY 13 (HORIZONS-1)  
1 27954U 03044A   26261.69905769  .00000128  00000+0  00000+0 0  9995
2 27954   1.6542  82.5249 0001660 102.3562 274.3980  1.00270822 47511
YAMAL 202               
1 28089U 03053A   26261.67037372 -.00000083  00000+0  00000+0 0  9990
2 28089   6.5722  69.7638 0004483 118.8430 213.8774  1.00271626 83631
UFO 11 (USA 174)        
1 28117U 03057A   26261.43906344 -.00000104  00000+0  00000+0 0  9998
2 28117   9.0319  33.3201 0003862 159.3484  38.1782  1.00271469 83389
USA 176 (DSP 22)        
1 28158U 04004A   26261.26676277 -.00000100  00000+0  00000+0 0  9992
2 28158  12.1825  25.3658 0015284 279.4701  73.4916  0.98852003 33869
ABS-4 (MOBISAT-1)       
1 28184U 04007A   26261.57876662  .00000034  00000+0  00000+0 0  9993
2 28184   6.2714  70.8269 0005293 114.4431  81.6394  1.00275527 53271
INTELSAT 10-02          
1 28358U 04022A   26261.35239639 -.00000015  00000+0  00000+0 0  9996
2 28358   0.0372 258.5276 0000045 179.7276  44.8917  1.00272649 81499
ANIK F2                 
1 28378U 04027A   26261.47346615 -.00000054  00000+0  00000+0 0  9992
2 28378   3.5216  78.2089 0003088  81.6703 256.8710  1.00272645 42197
AMC-15                  
1 28446U 04041A   26261.47459281 -.00000093  00000+0  00000+0 0  9991
2 28446   0.0388 334.1153 0002026 179.0847 270.0119  1.00272602 80234
NSS-10                  
1 28526U 05003A   26261.77316086 -.00000254  00000+0  00000+0 0  9996
2 28526   6.6788  69.2791 0003111  98.4107  70.9114  1.00273085 54095
INMARSAT 4-F1           
1 28628U 05009A   26261.75222593  .00000030  00000+0  00000+0 0  9993
2 28628   5.2974  42.8145 0002658 137.4657 266.3239  1.00272078 78613
DIRECTV 8               
1 28659U 05019A   26261.47181948 -.00000003  00000+0  00000+0 0  9996
2 28659   0.0160 139.3277 0002969  29.6683 239.2046  1.00272604 78004
GALAXY 28 (G-28)        
1 28702U 05022A   26261.84640170 -.00000204  00000+0  00000+0 0  9990
2 28702   3.5334  77.7102 0001787 102.1591  95.5147  1.00270536 52917
THAICOM 4               
1 28786U 05028A   26261.62461434 -.00000366  00000+0  00000+0 0  9997
2 28786   0.4800  84.5274 0000517  42.1307 215.2389  1.00271425 53184
ANIK F1R                
1 28868U 05036A   26261.61672681 -.00000079  00000+0  00000+0 0  9995
2 28868   4.5455  75.3648 0002642  62.9180 333.9946  1.00272958 47394
SYRACUSE 3A             
1 28885U 05041B   26254.51939881  .00000114  00000+0  00000+0 0  9998
2 28885   4.8548  74.7263 0002457 106.5771  42.9291  1.00275934 76614
INMARSAT 4-F2           
1 28899U 05044A   26261.79836463 -.00000262  00000+0  00000+0 0  9991
2 28899   5.2167  43.7196 0002376 132.9833 251.9432  1.00272749 76467
METEOSAT-9 (MSG-2)      
1 28912U 05049B   26261.50449295  .00000121  00000+0  00000+0 0  9997
2 28912   9.5685  53.2175 0001923 351.9197 179.6730  1.00277118  7939
EUTELSAT 174A           
1 28924U 05052A   26261.61923755  .00000006  00000+0  00000+0 0  9996
2 28924   4.4488  75.3178 0005977 100.5693 218.5901  1.00274537 53269
ECHOSTAR 10             
1 28935U 06003A   26261.61620681 -.00000060  00000+0  00000+0 0  9998
2 28935   0.0410 340.8634 0002748 144.9078 343.4325  1.00271084 75409
SPAINSAT                
1 28945U 06007A   26261.09216152 -.00000221  00000+0  00000+0 0  9998
2 28945   0.7966  84.8614 0004830  94.6657 180.4841  1.00272313 75143
JCSAT-5A                
1 29045U 06010A   26261.87545009 -.00000332  00000+0  00000+0 0  9999
2 29045   1.3433  82.9599 0001621  48.6386 313.4254  1.00271576 74713
ASTRA 1KR               
1 29055U 06012A   26261.28530953  .00000115  00000+0  00000+0 0  9997
2 29055   0.7075  82.6416 0003522  90.1796 306.1077  1.00270498 46637
GALAXY 16 (G-16)        
1 29236U 06023A   26261.61837347 -.00000131  00000+0  00000+0 0  9993
2 29236   0.0128 171.9685 0002665   7.4069 301.7887  1.00271734 73916
EUTELSAT 33F            
1 29270U 06032A   26261.85836176  .00000152  00000+0  00000+0 0  9998
2 29270   1.8966  81.0584 0003355  88.4838 170.3449  1.00270776 48249
JCSAT-3A                
1 29272U 06033A   26261.73459399 -.00000349  00000+0  00000+0 0  9995
2 29272   0.0321 273.8286 0002371 263.0853 213.2053  1.00272315 48678
KOREASAT 5 (MUGUNGWHA 5)
1 29349U 06034A   26261.80288764 -.00000362  00000+0  00000+0 0  9990
2 29349   2.0187  81.6699 0001749 142.5226 175.6467  1.00273379 42250
DIRECTV 9S              
1 29494U 06043A   26261.81918105 -.00000056  00000+0  00000+0 0  9991
2 29494   2.6568  79.6692 0006509 194.3047 214.1428  0.99097135 52321
OPTUS D1                
1 29495U 06043B   26261.79836463 -.00000187  00000+0  00000+0 0  9990
2 29495   3.2688  78.4236 0003635  91.9644 266.7324  1.00273078 73051
BADR-4                  
1 29526U 06051A   26261.78737425  .00000152  00000+0  00000+0 0  9992
2 29526   2.2395  79.9734 0004867  96.0668 139.6064  1.00273372 52209
WILDBLUE-1              
1 29643U 06054A   26261.85645507 -.00000026  00000+0  00000+0 0  9993
2 29643   3.0387  79.2471 0004812  94.9345 155.6009  0.99177645 54728
SKYNET 5A               
1 30794U 07007B   26261.51428633 -.00000275  00000+0  00000+0 0  9999
2 30794   5.5320  72.5536 0003469 115.3689  89.8931  1.00271438 71634
ANIK F3                 
1 31102U 07009A   26261.61447345 -.00000006  00000+0  00000+0 0  9999
2 31102   1.4323  82.5776 0002639  94.6590 282.8348  1.00274125 47503
ASTRA 1L                
1 31306U 07016A   26261.77567419 -.00000188  00000+0  00000+0 0  9996
2 31306   1.5563  80.6240 0004845  95.3840  76.4471  1.00272762 45921
GALAXY 17 (G-17)        
1 31307U 07016B   26261.62114683 -.00000210  00000+0  00000+0 0  9998
2 31307   3.2008  78.6514 0003231 124.5649 292.9542  1.00271962 70749
INTELSAT 11 (IS-11)     
1 32253U 07044B   26261.58153998  .00000055  00000+0  00000+0 0  9993
2 32253   3.8016  77.4622 0007494 129.1735  75.1341  0.99046596 69379
WGS F1 (USA 195)        
1 32258U 07046A   26261.70088051 -.00000271  00000+0  00000+0 0  9992
2 32258   0.0124 128.1433 0000655  44.1368  35.1506  1.00270654 53275
SKYNET 5B               
1 32294U 07056B   26261.71422725  .00000136  00000+0  00000+0 0  9993
2 32294   5.4828  72.3359 0003717 110.7755  96.7343  1.00271856 69133
ASTRA 4A                
1 32299U 07057A   26261.35378307  .00000028  00000+0  00000+0 0  9995
2 32299   0.0115 211.8824 0002420 323.3774 314.1994  1.00271211 52583
HORIZONS-2              
1 32388U 07063B   26261.48083286 -.00000257  00000+0  00000+0 0  9999
2 32388   2.8356  79.3970 0001405 100.0789 277.2491  1.00271580 68752
THURAYA-3               
1 32404U 08001A   26261.50804631  .00000007  00000+0  00000+0 0  9991
2 32404   6.1461  35.8251 0002278 168.5609  39.6852  1.00271119 68426
THOR 5                  
1 32487U 08006A   26261.85168839 -.00000013  00000+0  00000+0 0  9996
2 32487   0.0251 231.4187 0002367 300.9039 131.3059  1.00271897 68250
AMC-14                  
1 32708U 08011A   26261.73208066 -.00000361  00000+0  00000+0 0  9998
2 32708  24.1174  19.3893 0035130   1.5108 355.1917  1.00437755 69100
DIRECTV 11              
1 32729U 08013A   26261.61837347 -.00000130  00000+0  00000+0 0  9994
2 32729   0.0407 356.6436 0000361  78.9711  45.3659  1.00272715 46537
ICO G1                  
1 32763U 08016A   26261.40578329 -.00000174  00000+0  00000+0 0  9992
2 32763   5.5400  35.8293 0002379 128.7315 246.0157  1.00273060 67484
VINASAT-1               
1 32767U 08018A   26261.56010623 -.00000332  00000+0  00000+0 0  9999
2 32767   0.0185 268.1933 0001780 280.0930 142.7841  1.00273469 67520
STAR ONE C2             
1 32768U 08018B   26261.48256620 -.00000281  00000+0  00000+0 0  9993
2 32768   1.4717  81.3942 0002489  83.1235 301.6107  1.00274667 67598
AMOS-3                  
1 32794U 08022A   26261.72471396 -.00000121  00000+0  00000+0 0  9996
2 32794   0.6894  84.6620 0002151  48.3054 203.5938  1.00272940 83278
GALAXY 18 (G-18)        
1 32951U 08024A   26261.68493377  .00000021  00000+0  00000+0 0  9999
2 32951   0.0147 136.1272 0002985  33.7403 311.3183  1.00272556 46794
ZHONGXING-9             
1 33051U 08028A   26261.87006181 -.00000253  00000+0  00000+0 0  9997
2 33051   1.0013  83.9496 0006268 133.4294 186.0067  1.00274638 66973
SKYNET 5C               
1 33055U 08030A   26261.86225397 -.00000143  00000+0  00000+0 0  9993
2 33055   4.0221  75.8609 0004835 110.1231 104.4317  1.00272991 66891
TURKSAT 3A              
1 33056U 08030B   26261.50371296  .00000142  00000+0  00000+0 0  9993
2 33056   0.0407  81.1145 0004460  81.1832  58.5001  1.00275910 53290
ECHOSTAR 11             
1 33207U 08035A   26261.61620681 -.00000062  00000+0  00000+0 0  9995
2 33207   1.2398  82.9269 0002438  85.6497 301.0124  1.00272481 52151
SUPERBIRD-C2            
1 33274U 08038A   26261.73615402 -.00000310  00000+0  00000+0 0  9996
2 33274   2.5954  80.0104 0005702  70.2250 248.4633  1.00271220106663
INMARSAT 4-F3           
1 33278U 08039A   26261.47597950 -.00000143  00000+0  00000+0 0  9993
2 33278   4.3839  31.7678 0003114 171.2354 227.7765  1.00272016 47484
NIMIQ 4                 
1 33373U 08044A   26261.83556112 -.00000224  00000+0  00000+0 0  9990
2 33373   0.0307 101.8921 0001948  83.0595  31.6110  1.00270119 65920
GALAXY 19 (G-19)        
1 33376U 08045A   26261.47623949 -.00000143  00000+0  00000+0 0  9997
2 33376   0.0294 241.3580 0002455 296.7538 253.7412  1.00272101 65838
ASTRA 1M                
1 33436U 08057A   26261.71310058  .00000117  00000+0  00000+0 0  9998
2 33436   0.5309  82.5837 0003714  92.7823  98.3887  1.00274497 46677
EUTELSAT HOTBIRD 13C    
1 33459U 08065A   26261.84189501 -.00000286  00000+0  00000+0 0  9991
2 33459   3.1844  78.0013 0003599 100.9889  71.5651  1.00272905 48289
EXPRESS-AM44            
1 33595U 09007A   26261.84960839 -.00000093  00000+0  00000+0 0  9996
2 33595   3.6975  77.1833 0003396  92.4680 122.9903  1.00272497 53226
NSS-9                   
1 33749U 09008A   26261.81675439  .00000068  00000+0  00000+0 0  9995
2 33749   1.4965  81.5525 0002157  82.7187 310.5733  1.00273149 64466
TELSTAR 11N             
1 34111U 09009A   26261.48802623 -.00000255  00000+0  00000+0 0  9999
2 34111   0.0122 229.5590 0002512 302.3318 323.6640  1.00271228 47186
WGS F2 (USA 204)        
1 34713U 09017A   26261.50683297  .00000000  00000+0  00000+0 0  9990
2 34713   0.0187 151.7805 0000437 344.7331 100.8830  1.00270831 46554
SES-7 (PROTOSTAR 2)     
1 34941U 09027A   26261.51688634 -.00000349  00000+0  00000+0 0  9992
2 34941   0.0527  76.9542 0000770 163.4862  51.3519  1.00271462 63561
MEASAT-3A               
1 35362U 09032A   26261.70601874 -.00000115  00000+0  00000+0 0  9999
2 35362   0.0410   3.4640 0001950 181.5152 226.8195  1.00271657  8966
EWS-G3 (GOES 14)        
1 35491U 09033A   26261.58266663 -.00000099  00000+0  00000+0 0  9993
2 35491   1.9242  81.7174 0002172  89.9837 115.9996  1.00071223  7526
FM-5                    
1 35493U 09034A   26261.83469447 -.00000205  00000+0  00000+0 0  9998
2 35493   0.0366 265.4436 0000758 164.8159 141.8443  1.00273443 47588
TERRESTAR-1             
1 35496U 09035A   26261.47346615 -.00000059  00000+0  00000+0 0  9990
2 35496   5.2264  48.6589 0002291 109.4377 258.7628  1.00273697 63072
ASIASAT 5               
1 35696U 09042A   26261.75461459 -.00000312  00000+0  00000+0 0  9997
2 35696   0.0018 173.6188 0001682 356.7490 199.4924  1.00271742 62656
JCSAT-12 (JCSAT-RA)     
1 35755U 09044A   26261.87545009 -.00000332  00000+0  00000+0 0  9994
2 35755   0.0371 275.1090 0001884 307.3201 222.5987  1.00271049 62545
OPTUS D3                
1 35756U 09044B   26261.75428123 -.00000150  00000+0  00000+0 0  9997
2 35756   0.8099 267.9398 0004200 267.5814 249.8478  1.00272935 62501
NIMIQ 5                 
1 35873U 09050A   26261.83738115 -.00000261  00000+0  00000+0 0  9991
2 35873   0.0167 203.3247 0002754 331.8674  51.3204  1.00270968 62289
AMAZONAS 2              
1 35942U 09054A   26261.48117953 -.00000263  00000+0  00000+0 0  9996
2 35942   2.0495  81.7374 0003301  88.0210 288.8825  1.00272398 62125
COMSATBW-1              
1 35943U 09054B   26261.79300759  .00000020  00000+0  00000+0 0  9999
2 35943   0.0229 161.3532 0003013  21.6727 163.1682  1.00271848 62244
NSS-12                  
1 36032U 09058A   26261.72055394  .00000067  00000+0  00000+0 0  9999
2 36032   0.0250  81.3867 0003279  53.7393 178.9188  1.00272277 61857
THOR 6                  
1 36033U 09058B   26261.63778690 -.00000014  00000+0  00000+0 0  9994
2 36033   0.0090 197.6475 0001826 349.6728  39.0177  1.00273057 61943
INTELSAT 14 (IS-14)     
1 36097U 09064A   26261.70027384 -.00000278  00000+0  00000+0 0  9998
2 36097   0.1497  84.3708 0002428  88.5366  31.8213  1.00272568 61545
EUTELSAT 36B            
1 36101U 09065A   26261.79058093  .00000108  00000+0  00000+0 0  9996
2 36101   0.7206  81.1264 0005755  93.4434 158.2420  1.00272881 61647
INTELSAT 15 (IS-15)     
1 36106U 09067A   26261.79742762 -.00000190  00000+0  00000+0 0  9998
2 36106   0.0147 114.2560 0002311  65.4099 190.2773  1.00272927 42161
WGS F3 (USA 211)        
1 36108U 09068A   26261.47121279  .00000016  00000+0  00000+0 0  9996
2 36108   0.3087  85.0656 0000636  31.3593 288.3313  1.00274293 47521
DIRECTV 12              
1 36131U 09075A   26261.47511281 -.00000108  00000+0  00000+0 0  9999
2 36131   0.0093  41.6021 0000434  63.5924 320.5341  1.00272456 47480
BEIDOU-2 G1             
1 36287U 10001A   26261.87959520 -.00000282  00000+0  00000+0 0  9991
2 36287   4.5097  60.0057 0001898 260.0448 134.8870  1.00274176 61119
SDO                     
1 36395U 10005A   26261.02891831 -.00000071  00000+0  00000+0 0  9998
2 36395  34.8428  84.9295 0001518  79.8588 100.9825  1.00275079 60994
INTELSAT 16 (IS-16)     
1 36397U 10006A   26261.84302169 -.00000132  00000+0  00000+0 0  9990
2 36397   0.0209 265.1821 0001771 284.1571  67.5281  1.01416242 60590
EWS-G2 (GOES 15)        
1 36411U 10008A   26261.57928662  .00000018  00000+0  00000+0 0  9993
2 36411   1.5292  81.8221 0005135  81.9883 105.5403  1.00272237 60579
ECHOSTAR 14             
1 36499U 10010A   26261.61447345 -.00000004  00000+0  00000+0 0  9997
2 36499   0.0173 245.5978 0002035 271.6621 302.6062  1.00270833 47496
SES-1                   
1 36516U 10016A   26261.61794014 -.00000119  00000+0  00000+0 0  9998
2 36516   0.0493 283.0972 0002552 260.7166 295.1929  1.00272411 59977
ASTRA 3B                
1 36581U 10021A   26261.85645507  .00000133  00000+0  00000+0 0  9999
2 36581   1.7044  82.2550 0003489  73.4719 173.8915  1.00274359 59805
COMSATBW-2              
1 36582U 10021B   26261.85446174  .00000084  00000+0  00000+0 0  9994
2 36582   0.0092 183.2018 0002562   3.6784 131.7812  1.00268532 59894
BEIDOU-2 G3             
1 36590U 10024A   26261.86763514 -.00000139  00000+0  00000+0 0  9999
2 36590   4.7336  61.0128 0004986   1.0966 327.6618  1.00273594 59700
BADR-5                  
1 36592U 10025A   26261.28764954  .00000150  00000+0  00000+0 0  9999
2 36592   0.0399 132.1480 0008172  81.0332 278.1455  1.00277647 54153
ARABSAT-5A              
1 36745U 10032B   26261.85784176  .00000149  00000+0  00000+0 0  9996
2 36745   0.2733  77.1474 0004026  97.3740 162.5698  1.00272573 59585
ECHOSTAR 15             
1 36792U 10034A   26261.61447345 -.00000005  00000+0  00000+0 0  9990
2 36792   0.0204 264.3629 0002552 238.8185 316.7639  1.00272269 59262
BEIDOU-2 IGSO-1         
1 36828U 10036A   26256.66970756 -.00000130  00000+0  00000+0 0  9997
2 36828  54.3037 162.1610 0058541 217.4777 320.7749  1.00289463 58981
NILESAT 201             
1 36830U 10037A   26261.77914088 -.00000062  00000+0  00000+0 0  9999
2 36830   0.0152 167.9181 0005637  10.6526  92.6255  1.00272300 59316
RASCOM-QAF 1R           
1 36831U 10037B   26261.85238174  .00000015  00000+0  00000+0 0  9991
2 36831   0.0249 119.6440 0005124  59.4549 128.4328  1.00272654 59246
AEHF-1 (USA 214)        
1 36868U 10039A   26261.14497520  .00000145  00000+0  00000+0 0  9991
2 36868   8.4524  66.8235 0003830 113.8117 258.7061  1.00266519 54594
XM-5                    
1 37185U 10053A   26261.68649380 -.00000028  00000+0  00000+0 0  9993
2 37185   0.0693 271.0534 0000501 218.9402 359.5728  1.00272770 58422
BSAT-3B                 
1 37207U 10056B   26261.80228096 -.00000354  00000+0  00000+0 0  9994
2 37207   0.0500 245.4467 0004127 318.9574 191.9874  1.00272889 53036
BEIDOU-2 G4             
1 37210U 10057A   26261.81216103 -.00000116  00000+0  00000+0 0  9992
2 37210   3.8741  68.2746 0007905 179.4279 202.3850  1.00271330 58236
SKYTERRA 1              
1 37218U 10061A   26261.47537281 -.00000121  00000+0  00000+0 0  9996
2 37218   5.3210  50.6318 0000862 145.4782 231.1479  1.00272310 58134
HYLAS 1                 
1 37237U 10065A   26261.80453432 -.00000338  00000+0  00000+0 0  9993
2 37237   5.8738  71.8215 0003567 157.7461 178.9182  1.00639866  7823
INTELSAT 17 (IS-17)     
1 37238U 10065B   26261.57980662 -.00000006  00000+0  00000+0 0  9990
2 37238   0.0185 123.0582 0002605  64.6818  84.5040  1.00272844 54183
BEIDOU-2 IGSO-2         
1 37256U 10068A   26257.62250972 -.00000181  00000+0  00000+0 0  9992
2 37256  47.3877 270.7098 0057279 216.3042 196.5564  1.00253744 57691
EUTELSAT KA-SAT 9A      
1 37258U 10069A   26261.35464972  .00000058  00000+0  00000+0 0  9999
2 37258   0.0739 353.0670 0005427 173.7551 327.1441  1.00272061 44949
HISPASAT 30W-5          
1 37264U 10070A   26261.41817668 -.00000220  00000+0  00000+0 0  9991
2 37264   0.0241 131.7013 0005640  33.4919 312.6891  1.00270329 54127
KOREASAT 6              
1 37265U 10070B   26261.81216102 -.00000116  00000+0  00000+0 0  9996
2 37265   0.0153 180.2875 0002059  11.2232 258.4718  1.00272727 57704
BEIDOU-2 IGSO-3         
1 37384U 11013A   26254.72041400 -.00000177  00000+0  00000+0 0  9992
2 37384  62.5388  39.3441 0034682 183.6392 132.9930  1.00292639 56525
INTELSAT 28 (IS-28)     
1 37392U 11016A   26261.84553502 -.00000228  00000+0  00000+0 0  9993
2 37392   2.0411  81.3575 0003612  98.6262  90.5126  1.00272513 54225
YAHSAT 1A               
1 37393U 11016B   26261.22072220  .00000097  00000+0  00000+0 0  9992
2 37393   0.0140 152.9101 0002059   2.5800 333.6267  1.00271060 43343
SBIRS GEO-1 (USA 230)   
1 37481U 11019A   26261.57694661  .00000097  00000+0  00000+0 0  9990
2 37481   4.7399  52.9847 0001823 130.3041  73.7264  1.00272166 56339
GSAT-8                  
1 37605U 11022A   26261.57763997  .00000080  00000+0  00000+0 0  9993
2 37605   2.3656  80.5767 0006008 157.1315  22.8566  1.00273062 54150
ST-2                    
1 37606U 11022B   26261.58413999 -.00000216  00000+0  00000+0 0  9991
2 37606   0.0183 181.9791 0001650 355.4845 118.3490  1.00273857 56211
ZHONGXING-10            
1 37677U 11026A   26259.97011057 -.00000193  00000+0  00000+0 0  9996
2 37677   1.2775  82.9635 0002613  69.1325 278.5051  1.00272197 55912
SES-3                   
1 37748U 11035A   26261.61759346 -.00000106  00000+0  00000+0 0  9993
2 37748   1.5612  81.8918 0002405 107.0119 287.9870  1.00272336 55534
KAZSAT-2                
1 37749U 11035B   26261.08491493 -.00000202  00000+0  00000+0 0  9998
2 37749   0.0156 350.8904 0001145 237.6365 245.5903  1.00272378 54339
BEIDOU-2 IGSO-4         
1 37763U 11038A   26260.79006735 -.00000113  00000+0  00000+0 0  9996
2 37763  54.6035 164.8501 0160505 230.9640 339.5516  1.00267654 55572
ASTRA 1N                
1 37775U 11041A   26261.71310058  .00000115  00000+0  00000+0 0  9993
2 37775   0.0768  25.6990 0004918 122.5402 125.3257  1.00270050 45460
BSAT-3C (JCSAT-110R)    
1 37776U 11041B   26261.54251487 -.00000355  00000+0  00000+0 0  9992
2 37776   0.0294 354.5239 0000249 249.7159  58.4792  1.00270584 51402
SES-2                   
1 37809U 11049A   26261.62071350 -.00000200  00000+0  00000+0 0  9994
2 37809   0.2915  87.3450 0002895  84.2875 322.3749  1.00272848 54901
ARABSAT-5C              
1 37810U 11049B   26261.85576175  .00000119  00000+0  00000+0 0  9994
2 37810   0.0545   2.0538 0003934 184.4101 139.3973  1.00270003 54974
EUTELSAT 7 WEST A       
1 37816U 11051A   26261.35144306 -.00000064  00000+0  00000+0 0  9995
2 37816   0.0637   2.0752 0006054 173.3339 301.0752  1.00272681 54816
QUETZSAT 1              
1 37826U 11054A   26261.83660112 -.00000246  00000+0  00000+0 0  9992
2 37826   0.0225 276.2696 0002511 262.5568  43.1157  1.00276683 50816
INTELSAT 18 (IS-18)     
1 37834U 11056A   26261.74490737  .00000049  00000+0  00000+0 0  9997
2 37834   0.0367 262.7305 0002043 278.7115 264.4014  1.00273806 54746
EUTELSAT 16A            
1 37836U 11057A   26261.78373421  .00000100  00000+0  00000+0 0  9992
2 37836   0.1029  64.9009 0005500 112.5530 118.3859  1.00272407  8271
VIASAT-1                
1 37843U 11059A   26261.70943560 -.00000028  00000+0  00000+0 0  9991
2 37843   0.0176 197.1402 0002156 329.0102 331.7815  1.00271968 48268
ASIASAT 7               
1 37933U 11069A   26261.80141431 -.00000338  00000+0  00000+0 0  9994
2 37933   0.0171 137.7496 0001814   5.1591 248.8211  1.00274218 45794
BEIDOU-2 IGSO-5         
1 37948U 11073A   26253.79533384 -.00000160  00000+0  00000+0 0  9999
2 37948  47.5267 270.4734 0116651 224.1508 237.2700  1.00279182 53990
LUCH-5A                 
1 37951U 11074B   26261.75832407 -.00000051  00000+0  00000+0 0  9996
2 37951   8.9848  72.4106 0003994 123.8275 241.4082  1.00273977 53990
NIGCOMSAT 1R            
1 38014U 11077A   26261.64636692  .00000141  00000+0  00000+0 0  9995
2 38014   0.0472 242.4132 0002677 100.5669 289.8248  1.00269409 53895
WGS F4 (USA 233)        
1 38070U 12003A   26261.51289965 -.00000219  00000+0  00000+0 0  9997
2 38070   0.0108 146.8405 0000483 272.8932 210.7314  1.00272609 45087
SES-4                   
1 38087U 12007A   26261.84744170 -.00000172  00000+0  00000+0 0  9997
2 38087   0.0174  63.2095 0002387 125.1745  92.4702  1.00271690 53165
BEIDOU-2 G5             
1 38091U 12008A   26261.64957362  .00000054  00000+0  00000+0 0  9998
2 38091   3.8015  69.0149 0006688 239.8274 341.2585  1.00270505 53301
MUOS-1                  
1 38093U 12009A   26261.47563281 -.00000130  00000+0  00000+0 0  9991
2 38093   5.6645  46.9781 0052329   3.8245  17.8655  1.00271256 53384
INTELSAT 22 (IS-22)     
1 38098U 12011A   26261.70476450 -.00000063  00000+0  00000+0 0  9991
2 38098   0.0204 233.0497 0001622 297.0520 153.3701  1.00270761  8125
APSTAR-7                
1 38107U 12013A   26261.72445396 -.00000106  00000+0  00000+0 0  9999
2 38107   0.0094 198.3171 0002604 331.5848 165.0626  1.00272121 52759
YAHSAT 1B               
1 38245U 12016A   26261.14844187  .00000122  00000+0  00000+0 0  9999
2 38245   0.1044  88.3814 0001114  74.7343 295.0129  1.00271921 46540
AEHF-2 (USA 235)        
1 38254U 12019A   26261.86225397 -.00000137  00000+0  00000+0 0  9994
2 38254   6.8625  56.7359 0002654 138.7714  96.2336  1.00271379  7921
JCSAT-13                
1 38331U 12023A   26261.87545009 -.00000360  00000+0  00000+0 0  9999
2 38331   0.0132 236.3393 0002367 290.8597 269.7811  1.00271366 52482
VINASAT-2               
1 38332U 12023B   26261.87545009 -.00000333  00000+0  00000+0 0  9990
2 38332   0.0382 319.1602 0002082 210.0677 275.5722  1.00270276 47591
NIMIQ 6                 
1 38342U 12026A   26261.61993347 -.00000178  00000+0  00000+0 0  9995
2 38342   0.0137 247.0587 0002859 287.7513 314.8163  1.00271878 51368
ZHONGXING-2A            
1 38352U 12028A   26261.77266928 -.00000297  00000+0  00000+0 0  9995
2 38352   1.6896  82.5498 0001071 136.0264 155.5473  1.00270321 52238
INTELSAT 19 (IS-19)     
1 38356U 12030A   26261.77267012 -.00000060  00000+0  00000+0 0  9995
2 38356   0.0149 116.1157 0003105  65.4502 260.3021  1.00272152 51385
ECHOSTAR 17             
1 38551U 12035A   26261.47424616 -.00000080  00000+0  00000+0 0  9991
2 38551   0.0182 150.0124 0002039  25.4348 245.5886  1.00271777 51992
METEOSAT-10 (MSG-3)     
1 38552U 12035B   26261.78052755 -.00000010  00000+0  00000+0 0  9990
2 38552   4.8884  60.4900 0000912  98.5719 119.6922  1.00272468 51799
SES-5                   
1 38652U 12036A   26261.28253617  .00000000  00000+0  00000+0 0  9995
2 38652   0.0176  35.0814 0002153 135.2375 293.5743  1.00270833 45396
INTELSAT 20 (IS-20)     
1 38740U 12043A   26261.65156696 -.00000028  00000+0  00000+0 0  9992
2 38740   0.0096 165.4462 0001803   9.7275 125.4651  1.00267424 51689
HYLAS 2                 
1 38741U 12043B   26261.86225397 -.00000096  00000+0  00000+0 0  9996
2 38741   2.6609  79.8211 0003609 157.0560  53.9381  1.00522592 51717
INTELSAT 21 (IS-21)     
1 38749U 12045A   26261.48395286 -.00000289  00000+0  00000+0 0  9993
2 38749   0.0180 147.2589 0002084  18.8556 307.5378  1.00272266 51460
ASTRA 2F                
1 38778U 12051A   26261.50102627  .00000146  00000+0  00000+0 0  9991
2 38778   0.0797 259.1251 0004559 305.6721   1.2347  1.00276577 42075
GSAT-10                 
1 38779U 12051B   26261.73100285 -.00000170  00000+0  00000+0 0  9993
2 38779   0.0389 266.4785 0005514 207.0565 230.3022  1.00273116 51036
INTELSAT 23 (IS-23)     
1 38867U 12057A   26261.48490622 -.00000289  00000+0  00000+0 0  9997
2 38867   0.0293 267.0042 0001773 339.9208 232.0460  1.00268676 50896
BEIDOU-2 G6             
1 38953U 12059A   26261.58327331 -.00000178  00000+0  00000+0 0  9999
2 38953   4.6522  72.4561 0006900 324.7571 254.2624  1.00269930 50840
LUCH-5B                 
1 38977U 12061A   26261.70599388 -.00000139  00000+0  00000+0 0  9992
2 38977  10.6823  48.9268 0005798 164.2128  22.3273  1.00273400 50546
YAMAL 300K              
1 38978U 12061B   26261.81675439  .00000067  00000+0  00000+0 0  9996
2 38978   0.0126 215.8444 0000721 220.6936  38.1915  1.00274289 50579
STAR ONE C3             
1 38991U 12062A   26261.48057286 -.00000253  00000+0  00000+0 0  9997
2 38991   0.0302  87.8715 0002052  78.5222 289.0258  1.00272566 50703
EUTELSAT 21B            
1 38992U 12062B   26261.78477424  .00000126  00000+0  00000+0 0  9999
2 38992   0.0692 359.1017 0002926 175.2527 127.4620  1.00272490 50769
ECHOSTAR 16             
1 39008U 12065A   26261.48325954  .00000000  00000+0  00000+0 0  9999
2 39008   0.0222 150.4227 0002107  26.3535 293.0982  1.00268748 50580
ZHONGXING-12            
1 39017U 12067A   26261.86910847 -.00000211  00000+0  00000+0 0  9999
2 39017   0.0078 162.0751 0002707   9.7769 226.3067  1.00270509 50446
EUTELSAT 70B            
1 39020U 12069A   26261.72324060 -.00000048  00000+0  00000+0 0  9994
2 39020   0.0648 352.4308 0003702 186.7073 149.3825  1.00271034 50446
YAMAL 402               
1 39022U 12070A   26261.72012060  .00000082  00000+0  00000+0 0  9999
2 39022   1.4982  82.8314 0003568  87.8413 141.1196  1.00271391 50339
SKYNET 5D               
1 39034U 12075A   26261.79101426  .00000095  00000+0  00000+0 0  9993
2 39034   0.0723 348.2402 0003813 192.9931 154.0122  1.00269844 50098
MEXSAT 3                
1 39035U 12075B   26261.47268615 -.00000030  00000+0  00000+0 0  9993
2 39035   0.0146 115.5108 0001555 120.3576 176.9434  1.00272723  7986
TDRS 11                 
1 39070U 13004A   26261.74603405  .00000076  00000+0  00000+0 0  9994
2 39070   3.6636  32.6211 0003320  42.7345  16.4911  1.00269692 47630
AMAZONAS 3              
1 39078U 13006A   26261.48334619 -.00000287  00000+0  00000+0 0  9998
2 39078   0.0385 230.2371 0005133 322.9191 277.2448  1.00276806 45869
AZERSPACE 1             
1 39079U 13006B   26261.78962757  .00000000  00000+0  00000+0 0  9994
2 39079   0.0177 166.7542 0001716  31.2364 130.0052  1.00274589 49741
SBIRS GEO-2 (USA 241)   
1 39120U 13011A   26261.83270111 -.00000148  00000+0  00000+0 0  9993
2 39120   4.6895  52.4419 0002479 143.8795   4.4068  1.00271315 49479
EUTELSAT 117 WEST A     
1 39122U 13012A   26261.68614713 -.00000017  00000+0  00000+0 0  9994
2 39122   0.0323 316.0798 0002883 215.9184 315.8311  1.00271575 49375
ANIK G1                 
1 39127U 13014A   26261.61672681 -.00000078  00000+0  00000+0 0  9999
2 39127   0.0175 195.5967 0002845 350.4796 286.1928  1.00272264 49195
ZHONGXING-11            
1 39157U 13020A   26261.87118848 -.00000295  00000+0  00000+0 0  9998
2 39157   0.0368 303.0130 0001202 172.5014 293.8290  1.00271318 48838
EUTELSAT 7B             
1 39163U 13022A   26261.78373421  .00000100  00000+0  00000+0 0  9991
2 39163   0.0660 352.0483 0004799 112.7819 191.0310  1.00273588 48886
WGS F5 (USA 243)        
1 39168U 13024A   26261.48499287 -.00000289  00000+0  00000+0 0  9993
2 39168   0.0178 191.6896 0000444 343.9594 303.8640  1.00271868 48115
SES-6                   
1 39172U 13026A   26261.77255418 -.00000265  00000+0  00000+0 0  9992
2 39172   0.0442 305.8315 0002430 233.1418  56.3543  1.00272022 48666
IRNSS-1A                
1 39199U 13034A   26253.98563273  .00000076  00000+0  00000+0 0  9994
2 39199  35.9094  62.6436 0019988 178.1079 159.1335  1.00274175 48228
MUOS-2                  
1 39206U 13036A   26261.75990300 -.00000015  00000+0  00000+0 0  9998
2 39206   5.1804  45.5471 0057297 177.8924 219.7855  1.00272677 48139
ALPHASAT                
1 39215U 13038A   26261.78546757  .00000132  00000+0  00000+0 0  9995
2 39215   3.0039   0.7138 0003526 188.3906 116.2328  1.00271741 44955
INSAT-3D                
1 39216U 13038B   26261.73494066 -.00000343  00000+0  00000+0 0  9991
2 39216   2.1604  81.2540 0001327 109.1695 201.3296  1.00270351 48015
WGS F6 (USA 244)        
1 39222U 13041A   26261.55808674  .00000085  00000+0  00000+0 0  9998
2 39222   0.0182 184.5034 0000155 227.1145  11.5726  1.00272320 46996
ES'HAIL 1               
1 39233U 13044A   26261.85688840  .00000139  00000+0  00000+0 0  9997
2 39233   0.0504   0.1223 0002295 170.9771 160.6471  1.00273991 47568
GSAT-7                  
1 39234U 13044B   26261.76016954 -.00000082  00000+0  00000+0 0  9997
2 39234   0.3149  86.7835 0005126 165.0709  93.5034  1.00272481 46198
AMOS-4                  
1 39237U 13045A   26261.50830632  .00000003  00000+0  00000+0 0  9992
2 39237   0.0317 241.1278 0001216 284.7224  79.5928  1.00271040 47894
AEHF-3 (USA 246)        
1 39256U 13050A   26261.47095279  .00000026  00000+0  00000+0 0  9990
2 39256   5.5192  66.2726 0092202 188.5482 147.8843  1.00270111 46580
ASTRA 2E                
1 39285U 13056A   26261.85749508  .00000146  00000+0  00000+0 0  9994
2 39285   0.0998 301.3275 0002373 241.5465 152.1049  1.00274220 47357
FM-6                    
1 39360U 13058A   26261.68623380 -.00000020  00000+0  00000+0 0  9992
2 39360   0.0150  46.2988 0001325 217.1390 224.8582  1.00272869 47018
RADUGA-1M 3             
1 39375U 13062A   26261.64489360  .00000150  00000+0  00000+0 0  9990
2 39375   6.1927  71.1422 0002159 302.7000 250.8492  1.00272720 47046
SES-8                   
1 39460U 13071A   26261.77266927 -.00000274  00000+0  00000+0 0  9999
2 39460   0.0334 264.5601 0002024 244.1676 222.1346  1.00274623 45369
INMARSAT 5-F1           
1 39476U 13073A   26261.57911330  .00000023  00000+0  00000+0 0  9992
2 39476   0.0020  64.3050 0000422  82.7819 121.5421  1.00270960 46511
TKSAT-1 (TUPAC KATARI)  
1 39481U 13075A   26261.83452112 -.00000199  00000+0  00000+0 0  9992
2 39481   0.0381   8.9489 0002170 149.2120  52.8339  1.00272606 46549
EXPRESS-AM5             
1 39487U 13077A   26261.66569368 -.00000284  00000+0  00000+0 0  9998
2 39487   0.0301 254.2282 0002081 234.3452 248.6980  1.00273820 47298
GSAT-14                 
1 39498U 14001A   26261.76016954 -.00000082  00000+0  00000+0 0  9993
2 39498   0.0122 228.4009 0005206 350.3556 126.5935  1.00272694 46311
THAICOM 6               
1 39500U 14002A   26261.72480063 -.00000126  00000+0  00000+0 0  9999
2 39500   0.0444 118.5931 0003585  34.2766 184.2265  1.00273464 46395
TDRS 12                 
1 39504U 14004A   26261.27343612 -.00000273  00000+0  00000+0 0  9996
2 39504   4.0753  20.4990 0006471 215.2856 178.8854  1.00268802 45213
ABS-2                   
1 39508U 14006A   26261.76016954 -.00000090  00000+0  00000+0 0  9999
2 39508   0.0166 201.4202 0003433 330.2968 174.5643  1.00272046 46210
ATHENA-FIDUS            
1 39509U 14006B   26261.50293295  .00000150  00000+0  00000+0 0  9993
2 39509   0.0092 173.0781 0001796  14.8196  28.4123  1.00275088 46021
TURKSAT 4A              
1 39522U 14007A   26261.78884757  .00000142  00000+0  00000+0 0  9999
2 39522   0.0659 290.4713 0003507 314.1500  79.0616  1.00272844 45903
EXPRESS-AT1             
1 39612U 14010A   26261.86685513 -.00000109  00000+0  00000+0 0  9995
2 39612   0.4926  84.4481 0004973  79.9465 221.2362  1.00315728 45752
EXPRESS-AT2             
1 39613U 14010B   26261.79162093  .00000074  00000+0  00000+0 0  9991
2 39613   0.0169 243.2162 0000392 235.4118 220.0755  1.00272851 45431
AMAZONAS 4A             
1 39616U 14011A   26261.48074618 -.00000257  00000+0  00000+0 0  9990
2 39616   0.0507 169.3500 0006114  15.5180 271.6213  1.00272143 45646
ASTRA 5B                
1 39617U 14011B   26261.85645507  .00000133  00000+0  00000+0 0  9995
2 39617   0.0898 298.3579 0002944 256.5237 134.7092  1.00272922 45601
IRNSS-1B                
1 39635U 14017A   26261.50639963  .00000119  00000+0  00000+0 0  9996
2 39635  28.7663 238.8003 0020090 191.5391 164.4358  1.00271764 45721
LUCH-5V                 
1 39727U 14023A   26261.51419966 -.00000271  00000+0  00000+0 0  9995
2 39727   5.3603  68.7216 0002664 137.4382  71.1046  1.00269384 45295
KAZSAT-3                
1 39728U 14023B   26261.79214093  .00000056  00000+0  00000+0 0  9990
2 39728   0.0131 244.8169 0000060  47.9534  48.6279  1.00274070 43394
EUTELSAT 3B             
1 39773U 14030A   26261.85246839  .00000016  00000+0  00000+0 0  9994
2 39773   0.0623 351.1158 0004172 182.6646 133.9917  1.00271141 45002
ASIASAT 8 (AMOS-7)      
1 40107U 14046A   26261.80141431 -.00000337  00000+0  00000+0 0  9998
2 40107   0.0027  61.5993 0001644  99.2730 230.6762  1.00273442103082
ASIASAT 6               
1 40141U 14052A   26261.74906007 -.00000366  00000+0  00000+0 0  9996
2 40141   0.0136 244.0064 0000900 285.3603 217.8719  1.00270298 44011
OPTUS 10                
1 40146U 14054A   26261.38376985 -.00000151  00000+0  00000+0 0  9991
2 40146   0.0826 285.6143 0002044 248.1817 117.6833  1.00271096 43960
MEASAT-3B               
1 40147U 14054B   26261.77266927 -.00000246  00000+0  00000+0 0  9994
2 40147   0.0444  41.7228 0001202  70.3715 255.2774  1.00270300 43857
HIMAWARI-8              
1 40267U 14060A   26261.73710735 -.00000279  00000+0  00000+0 0  9997
2 40267   0.0126 348.7862 0000857 186.8144 228.0613  1.00274183 43690
IRNSS-1C                
1 40269U 14061A   26261.51185965 -.00000165  00000+0  00000+0 0  9991
2 40269   6.7498  87.1323 0019898  10.2385 167.3709  1.00270280 43623
INTELSAT 30 (IS-30)     
1 40271U 14062A   26261.47658617 -.00000155  00000+0  00000+0 0  9998
2 40271   0.0184 120.4948 0001769 291.6455  21.7984  1.00272760  7724
ARSAT 1                 
1 40272U 14062B   26261.48117953 -.00000264  00000+0  00000+0 0  9994
2 40272   0.0083 215.5782 0001638 304.1628 299.0890  1.00272114 43563
EUTELSAT 53A            
1 40277U 14064A   26261.57720662  .00000093  00000+0  00000+0 0  9997
2 40277   0.0169 176.3522 0001955   7.1052  74.8434  1.00274384 42509
GSAT-16                 
1 40332U 14078A   26261.72012059  .00000080  00000+0  00000+0 0  9991
2 40332   0.0187 184.7998 0005895 287.6310 199.5489  1.00274107 43059
DIRECTV 14              
1 40333U 14078B   26261.61837347  .00000000  00000+0  00000+0 0  9997
2 40333   0.0135 136.1039 0000984 324.1351  20.6721  1.00268540 42984
YAMAL 401               
1 40345U 14082A   26261.77197487 -.00000233  00000+0  00000+0 0  9995
2 40345   0.0148 208.6094 0000671  31.6857 125.2606  1.00272626 42851
ASTRA 2G                
1 40364U 14089A   26261.85740843  .00000146  00000+0  00000+0 0  9994
2 40364   0.0502 338.1403 0002899 120.3861 236.1031  1.00274827 42909
FENGYUN 2G              
1 40367U 14090A   26261.60365471 -.00000306  00000+0  00000+0 0  9991
2 40367   5.8691  71.6408 0003644 185.8790  57.1020  1.00272604 42937
MUOS-3                  
1 40374U 15002A   26261.86225397 -.00000131  00000+0  00000+0 0  9999
2 40374   4.7005  43.7972 0058147 178.8230  70.1017  1.00273323 42522
INMARSAT 5-F2           
1 40384U 15005A   26261.62192494 -.00000290  00000+0  00000+0 0  9994
2 40384   0.0182 158.4686 0000560 337.8712  30.0867  1.00268350 41938
ABS-3A                  
1 40424U 15010A   26261.35230971 -.00000030  00000+0  00000+0 0  9990
2 40424   0.0038 179.5609 0001986 304.2760 357.2846  1.00272354 42319
EUTELSAT 115 WEST B     
1 40425U 15010B   26261.47268615 -.00000029  00000+0  00000+0 0  9998
2 40425   0.0223 352.0992 0000025 245.2336 175.3357  1.00271269 42315
EXPRESS-AM7             
1 40505U 15012A   26261.78850090  .00000147  00000+0  00000+0 0  9997
2 40505   0.0158 213.1009 0003128 321.0804 147.4013  1.00269768 41945
BEIDOU-3S IGSO-1S       
1 40549U 15019A   26259.06101544 -.00000163  00000+0  00000+0 0  9992
2 40549  49.0213 294.3587 0038861 201.0354 337.5544  1.00288882 41982
THOR 7                  
1 40613U 15022A   26261.85168839 -.00000012  00000+0  00000+0 0  9991
2 40613   0.0091 155.5040 0002624  19.7786 128.4463  1.00272431 41753
TURKMENALEM52E/MONACOSAT
1 40617U 15023A   26261.79084093  .00000100  00000+0  00000+0 0  9995
2 40617   0.0168 140.2634 0003013  30.7060 163.4870  1.00270268 41783
DIRECTV 15              
1 40663U 15026A   26261.61759346 -.00000107  00000+0  00000+0 0  9998
2 40663   0.0173 110.2639 0000754  29.5829 337.1679  1.00272040 41406
SKY MEXICO-1            
1 40664U 15026B   26261.47979285 -.00000239  00000+0  00000+0 0  9995
2 40664   0.0180 249.5764 0002088 281.9917 279.7786  1.00271940 41389
METEOSAT-11 (MSG-4)     
1 40732U 15034A   26261.85359507  .00000059  00000+0  00000+0 0  9990
2 40732   3.4307  70.4271 0000549  85.5144 158.3956  1.00274298  8155
STAR ONE C4             
1 40733U 15034B   26261.83798780 -.00000269  00000+0  00000+0 0  9993
2 40733   0.0392 351.6032 0000933 182.1448  55.6964  1.00271655 40956
WGS F7 (USA 263)        
1 40746U 15036A   26261.74395404  .00000013  00000+0  00000+0 0  9991
2 40746   0.0133 162.7028 0000438 268.6717   9.1204  1.00271032 40802
INTELSAT 34 (IS-34)     
1 40874U 15039A   26261.48447286 -.00000290  00000+0  00000+0 0  9991
2 40874   0.0044 215.0527 0000444 189.7243  71.5547  1.00270544 40579
EUTELSAT 8 WEST B       
1 40875U 15039B   26261.85021506 -.00000070  00000+0  00000+0 0  9992
2 40875   0.0670   0.3061 0003641 177.6316 117.9287  1.00271143 40596
GSAT-6                  
1 40880U 15041A   26261.79690762 -.00000164  00000+0  00000+0 0  9994
2 40880   2.1544  81.3027 0002913 100.3176 185.4904  1.00273632 40539
INMARSAT 5-F3           
1 40882U 15042A   26261.67358038  .00000046  00000+0  00000+0 0  9999
2 40882   0.0185 154.0863 0001136 233.2122  32.3539  1.00270900 40504
MUOS-4                  
1 40887U 15044A   26261.70476450 -.00000095  00000+0  00000+0 0  9994
2 40887   4.5049  42.6557 0053025   3.7580 279.9151  1.00272532 40491
TJS-1                   
1 40892U 15046A   26261.76689352 -.00000160  00000+0  00000+0 0  9998
2 40892   0.5579  83.9589 0003388  69.8873 274.9546  1.00273238 40508
EXPRESS-AM8             
1 40895U 15048A   26261.84900172 -.00000115  00000+0  00000+0 0  9998
2 40895   0.0167 199.3972 0000479 252.5413 197.4806  1.00272304 40282
BEIDOU-3S IGSO-2S       
1 40938U 15053A   26261.44348345 -.00000099  00000+0  00000+0 0  9997
2 40938  49.0844 257.6636 0065451 192.7184 162.5773  1.00283759 40283
SKY MUSTER 1 (NBN1A)    
1 40940U 15054A   26261.66578036 -.00000282  00000+0  00000+0 0  9991
2 40940   0.0155 235.0837 0001718 288.7931 213.6517  1.00272460 40194
ARSAT 2                 
1 40941U 15054B   26261.47935950  .00000000  00000+0  00000+0 0  9990
2 40941   0.0107 175.2364 0001895 357.7215 276.0097  1.00271802 40230
MORELOS 3               
1 40946U 15056A   26261.68684045 -.00000046  00000+0  00000+0 0  9997
2 40946   3.2724  17.3365 0003266 182.8693 291.5694  1.00272074 40229
APSTAR-9                
1 40982U 15059A   26261.52355971 -.00000270  00000+0  00000+0 0  9995
2 40982   0.0385  44.8705 0002546 135.3392 147.7069  1.00269583 40048
TURKSAT 4B              
1 40984U 15060A   26261.79032093  .00000000  00000+0  00000+0 0  9995
2 40984   0.0202 150.6454 0002101  29.3324 152.2228  1.00271611 40031
ZHONGXING-2C            
1 41021U 15063A   26261.87231516 -.00000328  00000+0  00000+0 0  9995
2 41021   0.5089  86.6362 0009763 115.4348 213.2026  1.00270404 39910
GSAT-15                 
1 41028U 15065A   26261.37137647 -.00000262  00000+0  00000+0 0  9996
2 41028   0.0260 251.2572 0001985 258.3037  74.9011  1.00272521 39734
BADR-7 (ARABSAT-6B)     
1 41029U 15065B   26261.78572757  .00000141  00000+0  00000+0 0  9992
2 41029   0.0257 212.1671 0006429   7.6306  86.7634  1.00273720 39700
LAOSAT 1                
1 41034U 15067A   26261.52087302 -.00000347  00000+0  00000+0 0  9998
2 41034   0.0456 350.7169 0002423 125.2757 197.4954  1.00271680 39792
TELSTAR 12V             
1 41036U 15068A   26261.42121001 -.00000123  00000+0  00000+0 0  9997
2 41036   0.0158 237.8697 0002367 298.2065 317.9171  1.00272477 39564
ELEKTRO-L 2             
1 41105U 15074A   26261.77463597 -.00000120  00000+0  00000+0 0  9995
2 41105   6.9234  69.3343 0001594 194.8928 357.8310  1.00272594 39442
COSMOS 2513             
1 41121U 15075A   26261.51133965 -.00000142  00000+0  00000+0 0  9993
2 41121   0.0475 103.6647 0001256  94.3392  63.7779  1.00271229 39485
EXPRESS-AMU1            
1 41191U 15082A   26261.78772090  .00000151  00000+0  00000+0 0  9994
2 41191   0.0183 151.2588 0002378  30.6913 135.4261  1.00272576 39208
GAOFEN-4                
1 41194U 15083A   26261.60926219 -.00000339  00000+0  00000+0 0  9992
2 41194   0.5921  83.2609 0003531 135.6780 103.6163  1.00269299 39468
BELINTERSAT-1           
1 41238U 16001A   26261.79075426  .00000103  00000+0  00000+0 0  9995
2 41238   0.0336  77.8822 0000754  25.2294 230.7805  1.00270025 39178
IRNSS-1E                
1 41241U 16003A   26261.37484315 -.00000292  00000+0  00000+0 0  9996
2 41241  33.4362  58.4032 0021645 180.6356   5.0586  1.00274009 39014
EUTELSAT 9B             
1 41310U 16005A   26261.71102057  .00000057  00000+0  00000+0 0  9991
2 41310   0.0435  62.9879 0002377 147.4449  52.1718  1.00270881 39054
SES-9                   
1 41380U 16013A   26261.61183014  .00000000  00000+0  00000+0 0  9996
2 41380   0.0114 148.8298 0001952 338.5641 198.6995  1.00268976 38378
EUTELSAT 65 WEST A      
1 41382U 16014A   26261.48247954 -.00000281  00000+0  00000+0 0  9990
2 41382   0.0652 321.7246 0002230 208.5319 295.6592  1.00271354 38465
IRNSS-1F                
1 41384U 16015A   26261.71570058  .00000154  00000+0  00000+0 0  9991
2 41384   5.5785  94.6197 0020206 175.6245  17.6322  1.00278312 38600
BEIDOU-2 IGSO-6         
1 41434U 16021A   26260.96645446 -.00000145  00000+0  00000+0 0  9995
2 41434  60.3626  37.1236 0061943 228.1745 175.9819  1.00281842 38417
IRNSS-1G                
1 41469U 16027A   26261.56293182 -.00000338  00000+0  00000+0 0  9996
2 41469   5.4218  95.3036 0002775  40.0954 194.1126  1.00279252 38110
JCSAT-2B                
1 41471U 16028A   26261.79836463 -.00000169  00000+0  00000+0 0  9992
2 41471   0.0189 160.6113 0001008   0.9055 277.6269  1.00271455 38064
THAICOM 8               
1 41552U 16031A   26261.72480063 -.00000125  00000+0  00000+0 0  9992
2 41552   0.0766  31.8226 0001060  76.8915 228.3653  1.00270905 37657
INTELSAT 31 (IS-31)     
1 41581U 16035A   26261.47658617 -.00000155  00000+0  00000+0 0  9995
2 41581   0.0189 226.1240 0001196  33.1091 174.7035  1.00270836 37611
BEIDOU-2 G7             
1 41586U 16037A   26261.87370183 -.00000357  00000+0  00000+0 0  9999
2 41586   1.9472  69.6704 0005304 353.7608 359.4734  1.00273250  7827
ABS-2A (MONGOLSAT-1)    
1 41588U 16038A   26261.36756313  .00000000  00000+0  00000+0 0  9993
2 41588   0.0159 162.1202 0001804 315.1085  87.1015  1.00269755 37640
EUTELSAT 117 WEST B     
1 41589U 16038B   26261.68606044 -.00000016  00000+0  00000+0 0  9992
2 41589   0.0326  24.0311 0000306 223.7564 239.8178  1.00272490 37608
BRISAT                  
1 41591U 16039A   26261.16880862 -.00000200  00000+0  00000+0 0  9996
2 41591   0.0153 214.5289 0002200 311.8381  42.0066  1.00272398 37540
ECHOSTAR 18             
1 41592U 16039B   26261.48325954  .00000000  00000+0  00000+0 0  9995
2 41592   0.0222 154.5379 0001645  11.9305 303.5627  1.00267560 37562
MUOS-5                  
1 41622U 16041A   26261.61672681 -.00000159  00000+0  00000+0 0  9995
2 41622   2.0133 303.7876 0203922 260.7752 270.0266  1.00272200 38027
TIANTONG-1 1            
1 41725U 16048A   26261.87188182 -.00000320  00000+0  00000+0 0  9992
2 41725   4.0297  44.0166 0002313  82.6824 286.3978  1.00271441 37219
JCSAT-16                
1 41729U 16050A   26261.51016969 -.00000255  00000+0  00000+0 0  9990
2 41729   0.0182 167.5494 0001037   2.0167 155.4903  1.00271199 37006
USA 270                 
1 41744U 16052A   26261.30663617 -.00000354  00000+0  00000+0 0  9994
2 41744   4.4298  75.9506 0008421 116.6505  41.3306  1.00268485 29068
USA 271                 
1 41745U 16052B   26261.07442822  .00000012  00000+0  00000+0 0  9992
2 41745   4.4031  76.0291 0002858 172.7394 168.8547  0.99061684 28840
INTELSAT 36 (IS-36)     
1 41747U 16053A   26261.50899964  .00000000  00000+0  00000+0 0  9993
2 41747   0.0148 125.4226 0001669 226.6847 257.0682  1.00271418 36897
INSAT-3DR               
1 41752U 16054A   26261.72393396 -.00000082  00000+0  00000+0 0  9993
2 41752   0.0428  96.7130 0011616 167.6158  67.9516  1.00272382 36750
GSAT-18                 
1 41793U 16060A   26261.76016954 -.00000081  00000+0  00000+0 0  9990
2 41793   0.0137 122.4293 0002926 354.8188 228.0612  1.00271785 36467
SKY MUSTER 2 (NBN1B)    
1 41794U 16060B   26261.51016969 -.00000248  00000+0  00000+0 0  9995
2 41794   0.0117 222.3335 0001564 301.7508 161.8216  1.00271972 36458
HIMAWARI-9              
1 41836U 16064A   26261.73710735  .00000000  00000+0  00000+0 0  9997
2 41836   0.0142 157.6859 0001788  72.4942 173.5887  1.00269169 36141
SHIJIAN-17 (SJ-17)      
1 41838U 16065A   26261.51497968 -.00000221  00000+0  00000+0 0  9992
2 41838   5.9838  71.4331 0001827  71.3259 139.0694  0.99855511 36131
GOES 16                 
1 41866U 16071A   26261.61724681 -.00000095  00000+0  00000+0 0  9995
2 41866   0.5659  84.4478 0001634 126.8165 263.8102  1.00271884 36046
TIANLIAN 1-04           
1 41869U 16072A   26261.60164671  .00000027  00000+0  00000+0 0  9999
2 41869   1.1026  82.0302 0047039  96.5088 212.3557  1.00271799 36239
WGS F8 (USA 272)        
1 41879U 16075A   26261.41364446 -.00000207  00000+0  00000+0 0  9995
2 41879   0.0187 131.3234 0000190  77.1888  87.5394  1.00270644 35753
FENGYUN 4A              
1 41882U 16077A   26261.80488098 -.00000362  00000+0  00000+0 0  9996
2 41882   2.5532  79.0864 0007922 166.0509 165.4647  1.00270099 35866
ECHOSTAR 19             
1 41893U 16079A   26261.61863347 -.00000143  00000+0  00000+0 0  9990
2 41893   0.0181 155.0622 0001422  10.7481 317.3434  1.00271293 35646
JCSAT-110A (JCSAT-15)   
1 41903U 16082A   26261.80236764 -.00000355  00000+0  00000+0 0  9999
2 41903   0.0178 166.3289 0000639   7.9993 222.3277  1.00271392 35698
STAR ONE D1             
1 41904U 16082B   26261.47875285 -.00000215  00000+0  00000+0 0  9995
2 41904   0.0199 117.7194 0002417  54.3881 273.6674  1.00271942 35708
TJS-2                   
1 41911U 17001A   26261.72246060 -.00000011  00000+0  00000+0 0  9990
2 41911   1.0674  83.8652 0001540 149.0841  91.3389  1.00272201 35652
SBIRS GEO-4 (USA 273)   
1 41937U 17004A   26261.84761505 -.00000170  00000+0  00000+0 0  9996
2 41937   2.4253  45.4079 0002001 113.0153 123.2779  1.00272658 35536
HISPASAT 36W-1          
1 41942U 17006A   26261.77342086 -.00000249  00000+0  00000+0 0  9992
2 41942   0.0046 106.8707 0001015  67.7783  65.4867  1.00271499 35182
TELKOM 3S               
1 41944U 17007A   26261.70739089 -.00000367  00000+0  00000+0 0  9992
2 41944   0.0189 161.6950 0002296  10.3808 198.2222  1.00273305 35071
INTELSAT 32E (IS-32E)   
1 41945U 17007B   26261.84328169 -.00000273  00000+0  00000+0 0  9997
2 41945   0.0164 237.2720 0000553 224.5914 156.3136  1.00273268 35168
ECHOSTAR 23             
1 42070U 17014A   26261.61620681  .00000000  00000+0  00000+0 0  9991
2 42070   0.0221 155.6607 0002076  20.2264 293.5854  1.00269760 34869
WGS F9 (USA 275)        
1 42075U 17016A   26261.86225397  .00000000  00000+0  00000+0 0  9990
2 42075   0.0156 174.0334 0000252 312.7087 169.4661  1.00270187 34838
SES-10                  
1 42432U 17017A   26261.83842115 -.00000277  00000+0  00000+0 0  9995
2 42432   0.0167 119.6723 0002796  55.5900  57.4425  1.00272996 34693
CHINASAT 16 (SJ-13)     
1 42662U 17018A   26261.87370183 -.00000356  00000+0  00000+0 0  9994
2 42662   0.0744  91.7541 0006883 135.5301 195.6212  1.00271796 34687
KOREASAT 7              
1 42691U 17023A   26261.80349432 -.00000366  00000+0  00000+0 0  9999
2 42691   0.0282  49.7161 0000951 140.5799 212.5914  1.00272994 34302
SGDC                    
1 42692U 17023B   26261.21585736 -.00000254  00000+0  00000+0 0  9990
2 42692   0.0180  87.8360 0002277  93.0319 179.1414  1.00271731 34331
GSAT-9                  
1 42695U 17024A   26261.77266927 -.00000291  00000+0  00000+0 0  9994
2 42695   0.0354 102.4480 0002730  70.6327 200.0529  1.00276335 34233
INMARSAT 5-F4           
1 42698U 17025A   26261.50657296  .00000000  00000+0  00000+0 0  9999
2 42698   0.0214 147.6940 0000561  25.2606  63.3320  1.00271364 34213
SES-15                  
1 42709U 17026A   26261.46982612  .00000056  00000+0  00000+0 0  9992
2 42709   0.0410 341.9414 0000467 156.9417 258.4929  1.00269197  8366
QZS-2 (MICHIBIKI-2)     
1 42738U 17028A   26260.80896721 -.00000162  00000+0  00000+0 0  9997
2 42738  39.2953 241.7902 0749799 270.4800 277.0104  1.00260027  8555
VIASAT-2                
1 42740U 17029A   26261.83798780 -.00000269  00000+0  00000+0 0  9999
2 42740   0.0196 244.9648 0001027 250.7262  93.8198  1.00272514 34137
EUTELSAT 172B           
1 42741U 17029B   26261.54385670 -.00000010  00000+0  00000+0 0  9992
2 42741   0.0256 136.5121 0000235 312.8713 275.8742  1.00271740 34685
GSAT-19                 
1 42747U 17031A   26260.97313729  .00000121  00000+0  00000+0 0  9995
2 42747   0.0340 100.6892 0003660  15.7160 278.7231  1.00274085 34075
ECHOSTAR 21             
1 42749U 17032A   26261.35464972  .00000063  00000+0  00000+0 0  9993
2 42749   1.7827   1.6255 0002424 179.2141 314.3824  1.00273786 34038
BULGARIASAT-1           
1 42801U 17038A   26261.78087420  .00000005  00000+0  00000+0 0  9990
2 42801   0.0089 169.7186 0003461  23.5497  87.4490  1.00262742 33783
HELLAS-SAT 3            
1 42814U 17040A   26261.50310630  .00000148  00000+0  00000+0 0  9997
2 42814   0.0594  34.5140 0001880  65.3708 117.6889  1.00269585 33745
GSAT-17                 
1 42815U 17040B   26261.37137647 -.00000262  00000+0  00000+0 0  9996
2 42815   0.0132 134.9533 0004056 113.2303 336.3068  1.00272779 33723
INTELSAT 35E (IS-35E)   
1 42818U 17041A   26261.34606969 -.00000242  00000+0  00000+0 0  9993
2 42818   0.0180 147.0218 0002109  34.5928 265.7517  1.00271442 33741
COSMOS 2520             
1 42907U 17046A   26261.71812727  .00000133  00000+0  00000+0 0  9997
2 42907   0.0250 123.1087 0000811 138.5158  39.5424  1.00270291 33335
TDRS 13                 
1 42915U 17047A   26261.86225397 -.00000101  00000+0  00000+0 0  9990
2 42915   3.4854   4.9595 0013626 122.0098 169.8337  1.00272194 33288
QZS-3 (MICHIBIKI-3)     
1 42917U 17048A   26261.73442066 -.00000352  00000+0  00000+0 0  9991
2 42917   0.0580 148.0732 0001660   4.4796 236.5623  1.00272121 33195
AMAZONAS 5              
1 42934U 17053A   26261.34078300 -.00000287  00000+0  00000+0 0  9996
2 42934   0.0472 321.9366 0002263 247.3269 209.6872  1.00275801 32972
ASIASAT 9               
1 42942U 17057A   26261.87595517 -.00000364  00000+0  00000+0 0  9997
2 42942   0.0028 177.0083 0001989   1.7226 256.5163  1.00270588 32817
INTELSAT 37E (IS-37E)   
1 42950U 17059A   26261.86225397 -.00000145  00000+0  00000+0 0  9990
2 42950   0.0185 148.3625 0002722  26.9428 114.8984  1.00271920 33002
BSAT-4A                 
1 42951U 17059B   26261.80228096 -.00000354  00000+0  00000+0 0  9996
2 42951   0.0445 355.5300 0001678 108.5364 292.3132  1.00271071 32732
QZS-4 (MICHIBIKI-4)     
1 42965U 17062A   26261.56801521 -.00000325  00000+0  00000+0 0  9996
2 42965  40.0469 342.2937 0750099 269.7516  90.5541  1.00273529 32746
SES-11 (ECHOSTAR 105)   
1 42967U 17063A   26261.47467948 -.00000094  00000+0  00000+0 0  9993
2 42967   0.0396 328.0573 0002690 188.7409 266.5395  1.00272403 32651
KOREASAT 5A             
1 42984U 17067A   26261.66040698  .00000000  00000+0  00000+0 0  9992
2 42984   0.0146 150.4565 0000999  50.1442 147.8624  1.00267053 32460
ALCOMSAT 1              
1 43039U 17078A   26261.84692170 -.00000190  00000+0  00000+0 0  9995
2 43039   0.0432  58.0491 0002075 109.8610 109.9537  1.00273696 32234
SBIRS GEO-3 (USA 282)   
1 43162U 18009A   26261.82022105  .00000125  00000+0  00000+0 0  9997
2 43162   2.2615  16.2449 0001929 155.0172 322.3674  1.00273144 31780
AL YAH 3                
1 43174U 18012A   26261.86225397 -.00000159  00000+0  00000+0 0  9994
2 43174   1.7869  81.8370 0003499  92.8181 113.4573  1.00272173 31789
SES-14                  
1 43175U 18012B   26261.48603287 -.00000283  00000+0  00000+0 0  9999
2 43175   0.0248  59.6265 0001112 102.5534 322.7102  1.00272083  7966
GOES 17                 
1 43226U 18022A   26261.62028015 -.00000187  00000+0  00000+0 0  9996
2 43226   1.1710  84.1314 0000834 125.0004 282.2257  1.00271742 31362
HISPASAT 30W-6          
1 43228U 18023A   26261.41817668 -.00000220  00000+0  00000+0 0  9994
2 43228   0.0453  32.5084 0003206 107.7878 337.5934  1.00272063 31340
SUPERBIRD-B3            
1 43271U 18033A   26261.81259435 -.00000096  00000+0  00000+0 0  9990
2 43271   0.0190 102.2148 0001071  76.8072 273.2721  1.00272676 30992
HYLAS 4                 
1 43272U 18033B   26261.41748333 -.00000238  00000+0  00000+0 0  9995
2 43272   0.0823 269.2750 0001002 274.0394 290.8148  1.00272887 31007
IRNSS-1I                
1 43286U 18035A   26259.08269187  .00000081  00000+0  00000+0 0  9992
2 43286  28.9651  72.7793 0020747 178.0234 189.1186  1.00272519 30998
USA 283                 
1 43339U 18036A   26260.52409262  .00000000  00000+0  00000+0 0  9994
2 43339   0.0127 153.0002 0000046  98.6954  67.5107  1.00270637 26219
COSMOS 2526             
1 43432U 18037A   26261.87716852 -.00000349  00000+0  00000+0 0  9991
2 43432   0.0082 166.5048 0000761  77.1043 198.0360  1.00272891 30891
APSTAR-6C               
1 43450U 18041A   26261.56139641 -.00000322  00000+0  00000+0 0  9998
2 43450   0.0539 309.8092 0001772 276.1701 107.6350  1.00271875 30744
BANGABANDHUSAT-1        
1 43463U 18044A   26261.74906007 -.00000367  00000+0  00000+0 0  9992
2 43463   0.0115 171.0337 0002389  12.7152 202.6865  1.00273096 30641
SES-12                  
1 43488U 18049A   26261.77266927 -.00000274  00000+0  00000+0 0  9994
2 43488   0.0225  59.4590 0001632 177.6967 133.7103  1.00272724 30359
FENGYUN 2H              
1 43491U 18050A   26261.65364697 -.00000133  00000+0  00000+0 0  9994
2 43491   3.2651  77.8956 0002479 146.4946  87.8263  1.00272371 30378
BEIDOU-2 IGSO-7         
1 43539U 18057A   26260.72145045 -.00000167  00000+0  00000+0 0  9992
2 43539  55.2132 162.2701 0108019 236.7075 329.9944  1.00276513 30055
TELSTAR 19V             
1 43562U 18059A   26261.41167663 -.00000284  00000+0  00000+0 0  9997
2 43562   0.0074 168.5013 0002596   5.2897 268.7492  1.00270734 30072
TELKOM 4 (MERAH PUTIH)  
1 43587U 18064A   26261.80193431 -.00000348  00000+0  00000+0 0  9996
2 43587   0.0185 157.0831 0001275  12.9247 224.4163  1.00273795 29814
TELSTAR 18V             
1 43611U 18069A   26261.66534700 -.00000298  00000+0  00000+0 0  9995
2 43611   0.0179 246.0564 0001792 285.7556 203.3125  1.00271507 29570
AZERSPACE 2 (IS-38)     
1 43632U 18074A   26261.50431963  .00000000  00000+0  00000+0 0  9994
2 43632   0.0168 148.3346 0000861  46.2850  29.4873  1.00268585 29384
HORIZONS-3E             
1 43633U 18074B   26261.38528497 -.00000035  00000+0  00000+0 0  9999
2 43633   0.0129 176.1117 0000800 345.1442 143.7697  1.00271958 29278
AEHF-4 (USA 288)        
1 43651U 18079A   26261.83824780 -.00000278  00000+0  00000+0 0  9997
2 43651   1.4212 358.4169 0068503 359.9269 233.5513  1.00277780 29232
BEIDOU-3 G1             
1 43683U 18085A   26261.73830925 -.00000112  00000+0  00000+0 0  9993
2 43683   2.6248  94.7257 0006122  21.1887 307.6130  1.00272307 28990
GSAT-29                 
1 43698U 18089A   26261.50631296  .00000079  00000+0  00000+0 0  9999
2 43698   0.0389 267.0742 0001635 261.3646  66.4049  1.00277650 28729
ES'HAIL 2               
1 43700U 18090A   26261.50041962  .00000140  00000+0  00000+0 0  9999
2 43700   0.0148 210.3344 0001227 303.6248  49.4080  1.00270379 28615
GEO-KOMPSAT-2A          
1 43823U 18100A   26261.37822316 -.00000348  00000+0  00000+0 0  9993
2 43823   0.0421   1.6918 0001842 123.4023 136.6436  1.00271137 28566
GSAT-11                 
1 43824U 18100B   26261.76016954 -.00000081  00000+0  00000+0 0  9994
2 43824   0.0665 268.9248 0006626 210.3917 226.0268  1.00272274 28418
GSAT-7A                 
1 43864U 18105A   26261.79300759  .00000021  00000+0  00000+0 0  9998
2 43864   0.0373  94.6316 0002002  89.7159 161.6819  1.00273737 28385
COSMOS 2533             
1 43867U 18107A   26261.86564179 -.00000042  00000+0  00000+0 0  9993
2 43867   0.0183 125.0348 0000388 104.2622 150.1087  1.00269691 28388
TJS-3                   
1 43874U 18110A   26261.74989418  .00000008  00000+0  00000+0 0  9990
2 43874   2.7788  79.2749 0004038 137.5205 220.9444  1.00453518 28356
ZHONGXING-2D            
1 43920U 19001A   26261.87760185 -.00000341  00000+0  00000+0 0  9995
2 43920   0.0273 336.5647 0001265 331.7636 135.4335  1.00270435 55016
HELLAS-SAT 4 & SGS-1    
1 44034U 19007A   26261.21803551  .00000148  00000+0  00000+0 0  9995
2 44034   0.0618 132.0541 0006366  27.9104 314.6861  1.00272056 28318
GSAT-31                 
1 44035U 19007B   26261.79006090  .00000121  00000+0  00000+0 0  9993
2 44035   0.0179 147.0533 0003852  79.5361 103.4101  1.00272707 27901
NUSANTARA SATU          
1 44048U 19009A   26261.51016969 -.00000239  00000+0  00000+0 0  9996
2 44048   0.0257 139.7290 0004605   9.6119 177.7737  1.00270576 27701
ZHONGXING-6C            
1 44067U 19012A   26261.87768852 -.00000340  00000+0  00000+0 0  9998
2 44067   0.0429 321.7915 0014140 100.9520  21.4511  1.00268714 27678
WGS 10 (USA 291)        
1 44071U 19014A   26261.57867997  .00000042  00000+0  00000+0 0  9990
2 44071   0.0080 181.7483 0000341 252.4193 191.9668  1.00272766 27552
TIANLIAN 2-01           
1 44076U 19017A   26261.51064632 -.00000111  00000+0  00000+0 0  9995
2 44076   0.7739  82.4709 0003145 123.3798  52.4342  1.00272170 27587
ARABSAT-6A              
1 44186U 19021A   26261.64402692  .00000149  00000+0  00000+0 0  9998
2 44186   0.0586 348.2614 0004320 268.1850   3.4795  1.00274808 27097
BEIDOU-3 IGSO-1         
1 44204U 19023A   26260.64812869 -.00000201  00000+0  00000+0 0  9991
2 44204  58.8280  36.7045 0027927 223.2720  88.5811  1.00265229  8137
BEIDOU-2 G8             
1 44231U 19027A   26261.77731302 -.00000251  00000+0  00000+0 0  9997
2 44231   1.8895  74.2851 0008974 279.1436  68.6556  1.00270920 27011
YAMAL 601               
1 44307U 19031A   26261.22002887  .00000115  00000+0  00000+0 0  9993
2 44307   0.0171 184.4226 0002479 347.7536 313.1998  1.00274051 26869
AT&T T-16               
1 44333U 19034A   26261.61802682 -.00000120  00000+0  00000+0 0  9996
2 44333   0.0117 117.6450 0000775 305.6643  55.8708  1.00271983 26572
EUTELSAT 7C             
1 44334U 19034B   26261.28296950  .00000044  00000+0  00000+0 0  9999
2 44334   0.0682 180.6071 0003224 337.7482 307.7199  1.00272046  7762
BEIDOU-3 IGSO-2         
1 44337U 19035A   26257.71968324 -.00000136  00000+0  00000+0 0  9990
2 44337  55.2502 158.0768 0038485 210.8700   3.6174  1.00272886 26567
COSMOS 2539             
1 44457U 19048A   26261.35508307  .00000077  00000+0  00000+0 0  9996
2 44457   0.0157 128.2813 0000162 337.8144  31.0241  1.00274775 26162
EDRS-C                  
1 44475U 19049A   26261.51016969 -.00000266  00000+0  00000+0 0  9994
2 44475   0.0191 211.6170 0001149 311.7336 160.2502  1.00273091 26146
INTELSAT 39 (IS-39)     
1 44476U 19049B   26261.57893997  .00000029  00000+0  00000+0 0  9991
2 44476   0.0155 211.3134 0000930 243.4583 173.0981  1.00271621 26067
AMOS-17                 
1 44479U 19050A   26261.78390756  .00000105  00000+0  00000+0 0  9999
2 44479   0.0126 286.9829 0002333 249.0018 120.9355  1.00271917 26122
AEHF-5 (USA 292)        
1 44481U 19051A   26261.77266927 -.00000261  00000+0  00000+0 0  9998
2 44481   1.3909 343.9556 0029068  11.8319  13.1623  1.00272238 26209
EUTELSAT 5 WEST B       
1 44624U 19067A   26261.85082171 -.00000046  00000+0  00000+0 0  9991
2 44624   0.0716 330.9345 0003177 202.2845 125.8507  1.00272659 25360
MEV-1                   
1 44625U 19067B   26261.75428123 -.00000150  00000+0  00000+0 0  9998
2 44625   0.8099 267.9398 0004200 267.5814 249.8478  1.00272935 62494
TJS-4                   
1 44637U 19070A   26261.79708094 -.00000174  00000+0  00000+0 0  9993
2 44637   0.0583  94.5958 0002992 157.0507 116.5294  1.00274396 25477
BEIDOU-3 IGSO-3         
1 44709U 19073A   26260.45701998 -.00000154  00000+0  00000+0 0  9992
2 44709  54.6463 279.8914 0046811 198.1327 161.7370  1.00262156 25381
TIBA-1                  
1 44800U 19080A   26261.78754757  .00000152  00000+0  00000+0 0  9997
2 44800   0.0532 344.8012 0002166 188.0889 143.8163  1.00271027 24986
INMARSAT GX5            
1 44801U 19080B   26261.85402839  .00000071  00000+0  00000+0 0  9997
2 44801   0.0476   4.6874 0002152 177.7958 133.7401  1.00272546  7721
JCSAT-18 (KACIFIC 1)    
1 44868U 19091A   26261.35739154 -.00000205  00000+0  00000+0 0  9990
2 44868   0.0452 335.7526 0000052 204.1830  96.0269  1.00272350 24940
ELEKTRO-L 3             
1 44903U 19095A   26259.08503189  .00000062  00000+0  00000+0 0  9998
2 44903   0.4848  82.3307 0031011  75.2117 294.6002  0.99823166 24629
SHIJIAN-20 (SJ-20)      
1 44910U 19097A   26261.50345295  .00000144  00000+0  00000+0 0  9991
2 44910   5.1523  73.8631 0002846 169.3314 335.8377  1.00275961 24633
TJS-5                   
1 44978U 20002A   26261.87309516 -.00000346  00000+0  00000+0 0  9994
2 44978   0.2289  82.9790 0007551 351.4647 345.1794  1.00271310 24642
GSAT-30                 
1 45026U 20005A   26261.73100285 -.00000169  00000+0  00000+0 0  9992
2 45026   0.0231 107.7531 0002039  24.2987 211.7649  1.00272977 24444
EUTELSAT KONNECT        
1 45027U 20005B   26261.28296950  .00000045  00000+0  00000+0 0  9990
2 45027   0.0649  98.5336 0001507 103.3087 264.4278  1.00270726 25272
JCSAT-17                
1 45245U 20013A   26261.73615402 -.00000316  00000+0  00000+0 0  9990
2 45245   5.3980 357.7284 0004403 177.6467 223.2884  1.00272825 24172
GEO-KOMPSAT-2B          
1 45246U 20013B   26261.23573596 -.00000348  00000+0  00000+0 0  9998
2 45246   0.0422 335.1724 0001126 252.0257 343.0965  1.00270769 24210
BEIDOU-3 G2             
1 45344U 20017A   26261.86763514 -.00000143  00000+0  00000+0 0  9994
2 45344   2.5943  48.4900 0002203 126.9785 214.7355  1.00272518 24194
AEHF-6 (USA 298)        
1 45465U 20022B   26261.66534700 -.00000303  00000+0  00000+0 0  9993
2 45465   2.3552 302.5569 0042203  10.7894  61.4760  1.00268862 23959
BEIDOU-3 G3             
1 45807U 20040A   26261.51731969 -.00000357  00000+0  00000+0 0  9992
2 45807   2.6716  67.3992 0002563 286.3801 300.3753  1.00267224 23008
APSTAR-6D               
1 45863U 20045A   26261.73580734 -.00000321  00000+0  00000+0 0  9996
2 45863   0.0411 108.7529 0002633 337.2953 310.5394  1.00274536 22795
KOREASAT 116            
1 45920U 20048A   26261.80358097  .00000000  00000+0  00000+0 0  9999
2 45920   0.0169 149.8879 0001010  25.0583 228.2834  1.00269121 22576
EXPRESS 103             
1 45985U 20053A   26261.87092848 -.00000285  00000+0  00000+0 0  9998
2 45985   0.0298 259.4787 0001054 205.3049 303.0535  1.00271773 22581
EXPRESS 80              
1 45986U 20053B   26261.86763514  .00000000  00000+0  00000+0 0  9997
2 45986   0.0185 174.1884 0002088 232.1832 343.7384  1.00269675 22574
BSAT-4B                 
1 46112U 20056A   26261.80228096 -.00000354  00000+0  00000+0 0  9990
2 46112   0.0191 165.0679 0004186 349.0529 242.2583  1.00271482 22322
MEV-2                   
1 46113U 20056B   26261.35239639 -.00000015  00000+0  00000+0 0  9990
2 46113   0.0372 258.5276 0000045 179.7276  44.8917  1.00272649 81645
GALAXY 30 (G-30)        
1 46114U 20056C   26261.47069279  .00000033  00000+0  00000+0 0  9994
2 46114   0.0171 195.9543 0002285 334.5941 231.2971  1.00272076 22227
GAOFEN-13 01            
1 46610U 20071A   26261.87517517 -.00000367  00000+0  00000+0 0  9990
2 46610   0.1411  80.4127 0058956 121.2151 229.7058  1.00273175 21859
TIANTONG-1 2            
1 46916U 20082A   26261.52009302 -.00000359  00000+0  00000+0 0  9992
2 46916   0.7063 342.8212 0000708 236.0122  90.7820  1.00270582 21584
LUCAS (JDRS-1)          
1 47202U 20089A   26261.79855428 -.00000240  00000+0  00000+0 0  9994
2 47202   0.0389 285.4354 0002109 263.2092 187.3593  1.00272296 21350
SXM-7                   
1 47240U 20096A   26261.62114683 -.00000210  00000+0  00000+0 0  9994
2 47240   0.0191 126.8462 0004559 356.5038  12.6409  1.00273428  8380
CMS-01                  
1 47256U 20099A   26261.73100285 -.00000169  00000+0  00000+0 0  9992
2 47256   0.0531  92.7905 0004888 161.4227  89.6055  1.00272290 21131
TURKSAT 5A              
1 47306U 21001A   26261.50154627  .00000150  00000+0  00000+0 0  9995
2 47306   0.0141 110.7385 0000271 319.3492 138.8328  1.00273108 20900
TIANTONG-1 3            
1 47321U 21003A   26261.58283998 -.00000158  00000+0  00000+0 0  9995
2 47321   1.7011 345.2905 0003165 202.3476 101.2068  1.00273911 20897
TJS-6                   
1 47613U 21010A   26261.74456072  .00000039  00000+0  00000+0 0  9997
2 47613   0.0212 221.3425 0003615 319.9998 262.8555  1.00272233 20746
SBIRS GEO-5 (USA 315)   
1 48618U 21042A   26261.12475448 -.00000270  00000+0  00000+0 0  9996
2 48618   4.9946 329.8489 0001859 204.5689 321.3435  1.00272257 19705
FENGYUN 4B              
1 48808U 21047A   26261.87257516 -.00000335  00000+0  00000+0 0  9990
2 48808   0.3830  80.9494 0008266 281.7177  53.8584  1.00278076 19502
SXM-8                   
1 48838U 21049A   26261.47857950 -.00000209  00000+0  00000+0 0  9999
2 48838   0.0340  57.5225 0005864 339.0273  48.0043  1.00270602 19519
TIANLIAN 1-05           
1 49011U 21063A   26261.78390756  .00000104  00000+0  00000+0 0  9992
2 49011   1.8283  79.7391 0003454 138.9938  78.0144  1.00274231 19017
STAR ONE D2             
1 49055U 21069A   26261.09727899 -.00000262  00000+0  00000+0 0  9998
2 49055   0.0182 139.2204 0007407  18.7815 163.9070  1.00183487 18888
EUTELSAT QUANTUM        
1 49056U 21069B   26261.64740693  .00000122  00000+0  00000+0 0  9991
2 49056   0.0127  87.3035 0002292  82.7612 108.2754  1.00271744 18869
ZHONGXING-2E            
1 49062U 21071A   26261.79994095 -.00000296  00000+0  00000+0 0  9997
2 49062   0.0340  78.6988 0000340 155.5828 149.4992  1.00272633 18974
TJS-7                   
1 49115U 21077A   26261.61828682 -.00000128  00000+0  00000+0 0  9995
2 49115   0.1218 260.4306 0001741 107.7274 112.4861  1.00273806 10489
CHINASAT 9B             
1 49125U 21080A   26261.87188182 -.00000317  00000+0  00000+0 0  9992
2 49125   0.0379 249.8637 0003388 291.5801 231.6453  1.00271576 18584
SHIJIAN-21 (SJ-21)      
1 49330U 21094A   26261.77523387 -.00000351  00000+0  00000+0 0  9992
2 49330   5.3297  60.5434 0053593 171.5064 172.5315  1.00264514  6292
SES-17                  
1 49332U 21095A   26261.83842115 -.00000276  00000+0  00000+0 0  9991
2 49332   0.0346  42.1370 0001077 118.0944  72.2576  1.00269572 18791
SYRACUSE 4A             
1 49333U 21095B   26261.64697360  .00000131  00000+0  00000+0 0  9990
2 49333   0.0160 208.9368 0001483 320.1556 106.9009  1.00270816 18880
QZS-1R (MICHIBIKI-1R)   
1 49336U 21096A   26261.37770316 -.00000253  00000+0  00000+0 0  9993
2 49336  37.6538  78.2043 0744136 269.9563 279.4483  1.00286668 17943
ZHONGXING-1D            
1 49505U 21114A   26261.87760185 -.00000341  00000+0  00000+0 0  9998
2 49505   0.0514 308.1641 0001226 310.0389 185.7052  1.00269665 17756
STPSAT-6                
1 49817U 21118A   26261.47329280 -.00000048  00000+0  00000+0 0  9995
2 49817   0.5552  84.1717 0000893 211.1693 120.5195  1.00272109 17507
EXPRESS AMU-7           
1 50001U 21123A   26261.88054852 -.00000247  00000+0  00000+0 0  9994
2 50001   0.0299 255.2957 0000434 198.6221   5.8944  1.00272115 17471
EXPRESS AMU-3           
1 50002U 21123B   26261.72044100 -.00000326  00000+0  00000+0 0  9991
2 50002   0.0328 249.1815 0000322 139.6268 331.2035  1.00272750  7967
TIANLIAN 2-02           
1 50005U 21124A   26261.71170948 -.00000018  00000+0  00000+0 0  9992
2 50005   1.0363  84.5051 0003502 151.7960 188.5184  1.00273163 17553
TURKSAT 5B              
1 50212U 21126A   26261.50353963  .00000142  00000+0  00000+0 0  9998
2 50212   0.0729 336.6957 0001792 323.8085 280.1813  1.00274583 17233
INMARSAT 6-F1           
1 50319U 21128A   26261.51203300 -.00000177  00000+0  00000+0 0  9997
2 50319   0.0180 147.5599 0000268 332.2378 145.7485  1.00274125 17197
SHIYAN-12 01 (SY-12 01) 
1 50321U 21129A   26261.50414630  .00000115  00000+0  00000+0 0  9991
2 50321   3.9084  78.5894 0001631 172.4359 331.9911  1.00478745 17438
SHIYAN-12 02 (SY-12 02) 
1 50322U 21129B   26261.77607617 -.00000126  00000+0  00000+0 0  9993
2 50322   3.9074  78.5785 0004046  95.3267 257.9622  1.00441835 17437
TJS-9                   
1 50574U 21135A   26261.30871619 -.00000303  00000+0  00000+0 0  9990
2 50574   0.0153 133.2590 0004796 209.9651 262.3395  1.00269044 17366
GOES 18                 
1 51850U 22021A   26261.59211416  .00000092  00000+0  00000+0 0  9991
2 51850   0.0115 293.7841 0000253 282.8189 217.0774  1.00272382  7527
ZHONGXING-6D            
1 52255U 22038A   26260.66243934  .00000000  00000+0  00000+0 0  9995
2 52255   0.0359 198.4755 0002081  36.4558 125.0492  1.00265290 16352
NILESAT 301             
1 52817U 22061A   26261.77914088 -.00000062  00000+0  00000+0 0  9992
2 52817   0.0552 344.4192 0001392 170.0110 116.7366  1.00271240 15675
CMS-02 (GSAT-24)        
1 52903U 22067A   26261.73100285 -.00000169  00000+0  00000+0 0  9994
2 52903   0.0186 186.7752 0001956  76.8119  80.2365  1.00272191 15547
MEASAT 3D               
1 52904U 22067B   26261.77266927 -.00000246  00000+0  00000+0 0  9991
2 52904   0.0483 324.8475 0001607 267.9345 134.5854  1.00271503 15588
SES-22                  
1 52933U 22071A   26261.68794514  .00000100  00000+0  00000+0 0  9994
2 52933   0.0364 270.5678 0001153 236.5966 319.1095  1.00270888  8469
WFOV (USA 332)          
1 52940U 22073A   26261.55317748 -.00000366  00000+0  00000+0 0  9995
2 52940   3.9438  77.2812 0002081 161.8209  76.7843  1.00276630 15303
TIANLIAN 2-03           
1 53100U 22078A   26261.35499639  .00000068  00000+0  00000+0 0  9995
2 53100   0.9032  77.7925 0001671 148.0866 269.7705  1.00272257 15480
SBIRS GEO-6 (USA 336)   
1 53355U 22092A   26261.57891691 -.00000295  00000+0  00000+0 0  9994
2 53355   3.1106 319.1435 0001892 211.9919 173.7760  1.00272055 15179
EUTELSAT KONNECT VHTS   
1 53765U 22110A   26261.85238174  .00000013  00000+0  00000+0 0  9999
2 53765   0.0547 103.9224 0002855  42.0645 161.3813  1.00271168  7776
ZHONGXING-1E            
1 53813U 22112A   26261.51151300 -.00000154  00000+0  00000+0 0  9990
2 53813   0.0486 312.2683 0002664 314.0045 356.7344  1.00273348 14780
SES-20                  
1 53960U 22123A   26261.61759346 -.00000105  00000+0  00000+0 0  9996
2 53960   0.0283  87.7642 0001934  19.6662   9.3477  1.00271920 14477
SES-21                  
1 53961U 22123B   26261.61204677  .00000065  00000+0  00000+0 0  9993
2 53961   0.0330  64.2782 0001038 116.1303 266.4657  1.00271002  8140
GALAXY 33 (G-33)        
1 54026U 22128A   26261.68294044  .00000075  00000+0  00000+0 0  9996
2 54026   0.0137 248.6584 0001922 280.2590 301.5502  1.00272027 14683
GALAXY 34 (G-34)        
1 54027U 22128B   26261.61248012  .00000000  00000+0  00000+0 0  9992
2 54027   0.0176 160.9770 0001825  10.4337 277.6115  1.00273164 14848
ANGOSAT 2               
1 54033U 22131A   26261.78512090  .00000131  00000+0  00000+0 0  9996
2 54033   0.0029  64.1863 0001193 193.5049  45.6659  1.00270934 14412
EUTELSAT HOTBIRD 13F    
1 54048U 22134A   26261.28418286  .00000083  00000+0  00000+0 0  9998
2 54048   0.0593 290.6639 0002044  76.8311 105.0185  1.00272326 14313
LDPE-2                  
1 54219U 22144A   26261.57703329  .00000054  00000+0  00000+0 0  9994
2 54219   5.8209  62.7481 0000388 326.8013 227.8907  0.98887798 12773
EUTELSAT HOTBIRD 13G    
1 54225U 22146A   26261.28418286  .00000083  00000+0  00000+0 0  9998
2 54225   0.0470 233.5314 0002025 299.7828 299.2059  1.00272753  8401
ZHONGXING-19            
1 54230U 22148A   26261.68346648 -.00000085  00000+0  00000+0 0  9995
2 54230   0.0180 174.8749 0004539   4.5929 227.3661  1.00272930 14315
GALAXY 31 (G-31)        
1 54243U 22153A   26261.68510712  .00000009  00000+0  00000+0 0  9995
2 54243   0.0094 203.3066 0001343 319.8023 320.1452  1.00271297  8071
GALAXY 32 (G-32)        
1 54244U 22153B   26261.47745284  .00000000  00000+0  00000+0 0  9998
2 54244   0.0163 132.0884 0000194 293.7275  12.4719  1.00269535 14073
EUTELSAT 10B            
1 54259U 22157A   26261.85376839  .00000064  00000+0  00000+0 0  9996
2 54259   0.0554 101.2625 0001683 359.7958 214.0550  1.00270867 13969
GALAXY 35 (G-35)        
1 54741U 22170A   26261.47701949 -.00000167  00000+0  00000+0 0  9994
2 54741   0.0151 220.1277 0001997 308.8332 267.0749  1.00272196 13821
GALAXY 36 (G-36)        
1 54742U 22170B   26261.83417447 -.00000190  00000+0  00000+0 0  9998
2 54742   0.0179 151.0584 0002130 334.1658  83.8445  1.00272251 13726
METEOSAT-12 (MTG-I1)    
1 54743U 22170C   26261.85168839 -.00000012  00000+0  00000+0 0  9992
2 54743   0.7349  19.7559 0003890  93.3178 190.8430  1.00272497 13916
SHIJIAN-23 (SJ-23)      
1 55131U 23002A   26261.51038632 -.00000045  00000+0  00000+0 0  9995
2 55131   3.9507  77.0842 0002869 231.2865 308.6356  1.00024764 13448
APSTAR-6E               
1 55239U 23005A   26261.58447777 -.00000322  00000+0  00000+0 0  9996
2 55239   0.0365 241.2000 0003856 326.5210 134.2156  1.00270633 19633
USA 342                 
1 55263U 23008A   26260.50216587  .00000134  00000+0  00000+0 0  9990
2 55263   0.0086 123.3006 0000420 137.9896 299.7594  1.00272077 13444
ELEKTRO-L 4             
1 55506U 23016A   26261.54648924 -.00000063  00000+0  00000+0 0  9990
2 55506   0.0609  56.1607 0002230 138.5244 165.3184  1.00270450 13266
AMAZONAS NEXUS          
1 55508U 23017A   26261.48334619 -.00000287  00000+0  00000+0 0  9997
2 55508   0.0440  29.8474 0002436  95.2826 345.2927  1.00271826  7987
ZHONGXING-26            
1 55686U 23023A   26261.87656184 -.00000358  00000+0  00000+0 0  9997
2 55686   0.0609  70.8921 0002660  51.1101 316.4241  1.00274652 13166
LUCH-5X (OLYMP-K 2)     
1 55841U 23031A   26261.50769963  .00000028  00000+0  00000+0 0  9992
2 55841   0.0167 115.6469 0000871  32.8664  93.6856  1.00275157 12879
GAOFEN-13 02            
1 55912U 23036A   26259.52901160 -.00000224  00000+0  00000+0 0  9991
2 55912   1.0071  12.4389 0003727 306.5368  15.0758  1.00267746 13003
SES-18                  
1 55970U 23038A   26261.61759346 -.00000105  00000+0  00000+0 0  9995
2 55970   0.0408 274.5319 0002192 308.1050 254.1393  1.00272351 13048
SES-19                  
1 55971U 23038B   26261.46869946  .00000083  00000+0  00000+0 0  9991
2 55971   0.0422 281.9626 0001671 242.7683 226.4974  1.00271942 13024
INTELSAT 40E (IS-40E)   
1 56174U 23052A   26261.61993347 -.00000179  00000+0  00000+0 0  9990
2 56174   0.0089 174.2145 0002636   4.8627 310.6488  1.00272192 12760
VIASAT-3 F1             
1 56370U 23060A   26261.83417447  .00000000  00000+0  00000+0 0  9995
2 56370   0.0197 190.0282 0000679 352.2885  26.7799  1.00269587 12378
ARCTURUS                
1 56371U 23060B   26261.55317722 -.00000366  00000+0  00000+0 0  9996
2 56371   3.0084  78.7232 0001165 196.2052  41.4150  1.00268183 12395
GS-1                    
1 56372U 23060C   26260.94226112 -.00000194  00000+0  00000+0 0  9990
2 56372   2.9580  78.6508 0003002 265.6737  77.8840  1.00250095  8468
BEIDOU-3 G4             
1 56564U 23066A   26261.73693402 -.00000285  00000+0  00000+0 0  9998
2 56564   0.4408 358.6183 0005310 196.7271 207.6318  1.00269273 12336
ARABSAT-7B (BADR-8)     
1 56757U 23075A   26261.21543551  .00000140  00000+0  00000+0 0  9993
2 56757   0.0755  21.7999 0001739   1.2618  77.6589  1.00272730 12056
NVS-01 (IRNSS-1J)       
1 56759U 23076A   26261.73494066 -.00000342  00000+0  00000+0 0  9994
2 56759   1.9530 240.0134 0005743   0.1794 151.5942  1.00274584 12052
NUSANTARA TIGA (SATRIA) 
1 57045U 23086A   26260.85739378 -.00000239  00000+0  00000+0 0  9999
2 57045   0.0560 357.3396 0002662 291.4130 162.7060  1.00270907 10690
H2SAT (HEINRICH HERTZ)  
1 57213U 23093A   26261.00656477 -.00000002  00000+0  00000+0 0  9998
2 57213   0.0471  15.2672 0000225  79.0074 265.7376  1.00271740 11854
SYRACUSE 4B             
1 57214U 23093B   26261.02634000  .00000000  00000+0  00000+0 0  9996
2 57214   0.0211 167.8957 0000328 104.3516  87.7490  1.00269631  7900
JUPITER 3 (ECHOSTAR 24) 
1 57479U 23108A   26261.27225994  .00000000  00000+0  00000+0 0  9991
2 57479   0.0225 159.7386 0001103  20.1603 180.1011  1.00270175 11589
GALAXY 37 (G-37)        
1 57493U 23112A   26261.61282677  .00000044  00000+0  00000+0 0  9999
2 57493   0.0175 143.1888 0002021  33.9808 273.9885  1.00271769 11470
LUDI TANCE-4 01A        
1 57624U 23120A   26261.77266928 -.00000196  00000+0  00000+0 0  9991
2 57624  15.0454 191.6702 0003588  42.0879 131.6220  1.00276204 11486
TJS-10                  
1 58204U 23169A   26261.51376632 -.00000254  00000+0  00000+0 0  9990
2 58204   2.7779  79.2847 0004165 130.1730  65.3629  1.00274364 10471
ZHONGXING-6E            
1 58253U 23172A   26261.30446951 -.00000365  00000+0  00000+0 0  9990
2 58253   0.0465 254.7164 0002459 262.8124  64.7715  1.00267941 10599
YAOGAN-41               
1 58582U 23197A   26261.80488098 -.00000366  00000+0  00000+0 0  9996
2 58582   2.9673 314.7522 0013677 211.3095 244.6079  1.00272729 10267
OVZON-3                 
1 58698U 24003A   26261.22202220  .00000047  00000+0  00000+0 0  9993
2 58698   0.0122 179.1179 0000275 261.3073  56.3699  1.00274023  8380
INSAT-3DS               
1 58990U 24033A   26261.79682095 -.00000161  00000+0  00000+0 0  9993
2 58990   0.0233 237.9780 0001307 297.6029 191.0791  1.00273175 48009
MERAH PUTIH 2           
1 58995U 24035A   26261.80288764 -.00000362  00000+0  00000+0 0  9990
2 58995   0.0188 161.2972 0001139   8.4321 229.9974  1.00273542  9527
TJS-11                  
1 59020U 24037A   26261.70739090 -.00000366  00000+0  00000+0 0  9998
2 59020   4.0841 328.2963 0001987 277.6981 118.7786  1.00276981  9521
HULIANWAN GAOGUI-01 (H*)
1 59069U 24040A   26261.28825619  .00000152  00000+0  00000+0 0  9993
2 59069   0.0914 339.1881 0001866  52.5199 102.9252  1.00270314  8265
EUTELSAT 36D            
1 59346U 24059A   26261.28851619  .00000151  00000+0  00000+0 0  9999
2 59346   0.0060 161.5907 0000173 269.4912  65.8701  1.00271843  9088
PAKSAT-MM1              
1 59915U 24104A   26261.78806757  .00000149  00000+0  00000+0 0  9997
2 59915   0.0314 220.0101 0002244 312.9756 146.6000  1.00273186  8463
ASTRA 1P (SES-24)       
1 60086U 24115A   26261.28539618  .00000115  00000+0  00000+0 0  9997
2 60086   0.0615 342.5040 0001733 240.1729 256.4858  1.00268860  8132
GOES 19                 
1 60133U 24119A   26261.48057286 -.00000253  00000+0  00000+0 0  9996
2 60133   0.0210 352.3877 0000283 259.6107 203.2281  1.00272121  7906
ZHONGXING-3A            
1 60179U 24122A   26261.87188182 -.00000318  00000+0  00000+0 0  9995
2 60179   0.0171 345.2752 0002480 221.0557 206.9020  1.00272577  8242
TURKSAT 6A              
1 60233U 24127A   26261.78884757  .00000142  00000+0  00000+0 0  9996
2 60233   0.0387 227.6531 0004308 331.2318 124.7934  1.00274187  7957
HULIANWAN GAOGUI-02 (H*)
1 60327U 24135A   26261.78887146 -.00000178  00000+0  00000+0 0  9994
2 60327   0.0630 346.1802 0004436   9.4119  79.2030  1.00271843  8436
ZHONGXING-4A            
1 60606U 24151A   26261.74906007 -.00000367  00000+0  00000+0 0  9996
2 60606   1.0798 269.9767 0000790  22.5450  93.0552  1.00271754  7698
HULIANWAN GAOGUI-03 (H*)
1 61503U 24181A   26259.23621711 -.00000246  00000+0  00000+0 0  9999
2 61503   0.0697 352.8373 0001243  98.9348 271.3168  1.00273109  7739
DSN-3 (KIRAMEKI-3)      
1 61733U 24198A   26261.79836463 -.00000254  00000+0  00000+0 0  9997
2 61733   0.0226 245.7170 0001308 268.5048 274.9850  1.00272120  6852
KOREASAT 6A             
1 61910U 24206A   26261.80349432 -.00000366  00000+0  00000+0 0  9995
2 61910   0.0263 230.9476 0000907 287.6672 244.4037  1.00271438  6775
OPTUS-X (ADS-01)        
1 62006U 24212A   26261.77267012 -.00000147  00000+0  00000+0 0  9995
2 62006   0.0341 267.0958 0002612 266.2319 258.9413  1.00272156  6698
GSAT-N2 (GSAT-20)       
1 62028U 24214A   26261.72272060 -.00000025  00000+0  00000+0 0  9990
2 62028   0.0143 141.5373 0001411 229.9707 314.3467  1.00275183  6837
SXM-9                   
1 62259U 24234A   26261.62114683 -.00000210  00000+0  00000+0 0  9999
2 62259   0.0081 206.6902 0004296 110.0973 179.2169  1.00273858  6513
TJS-12                  
1 62374U 24246A   26261.73823402 -.00000236  00000+0  00000+0 0  9996
2 62374   0.4880 312.4236 0001279 140.3281 317.1274  1.00268241  6503
NUVIEW ALPHA            
1 62455U 24252B   26261.83538779 -.00000219  00000+0  00000+0 0  9995
2 62455   0.0542  24.7560 0000190 158.1102  32.5238  1.00271254  4769
AGILA                   
1 62456U 24252C   26261.81068769 -.00000186  00000+0  00000+0 0  9994
2 62456   0.0179 157.8641 0001218  27.3463 256.5324  1.00272654  6090
NUVIEW BRAVO            
1 62457U 24252D   26261.83538779 -.00000219  00000+0  00000+0 0  9997
2 62457   0.0653 154.6785 0001734  29.4456  31.2686  1.00271332  4730
THURAYA-4               
1 62483U 25001A   26261.57547329  .00000135  00000+0  00000+0 0  9997
2 62483   0.0199 101.9201 0000271 349.9801 157.0724  1.00274001  5110
SHIJIAN-25 (SJ-25)      
1 62485U 25002A   26261.65279624 -.00000352  00000+0  00000+0 0  9991
2 62485   5.3307  60.5227 0046703 179.6639 119.8640  1.00276133  6297
TJS-14                  
1 62804U 25017A   26261.71292725  .00000111  00000+0  00000+0 0  9998
2 62804   0.5876 305.0645 0003132 323.4760   4.1493  1.00270598  6206
SPAINSAT NG I           
1 62852U 25021A   26261.28730286  .00000000  00000+0  00000+0 0  9994
2 62852   0.0166 151.2461 0000351 321.5116  16.8674  1.00272382  4928
QZS-6 (MICHIBIKI-6)     
1 62876U 25023A   26261.79846763 -.00000238  00000+0  00000+0 0  9990
2 62876   0.0462 285.1031 0001874 254.9756 195.6046  1.00274939  5888
ZHONGXING-10R           
1 63075U 25036A   26261.30342949 -.00000356  00000+0  00000+0 0  9991
2 63075   0.0784 253.1540 0004927 279.4908  44.3087  1.00269305  5897
TJS-15                  
1 63157U 25045A   26261.51298632 -.00000222  00000+0  00000+0 0  9996
2 63157   0.4429  84.7160 0000126 264.5516 281.5836  1.00271994  5693
TIANLIAN 2-04           
1 63361U 25062A   26261.58257998 -.00000142  00000+0  00000+0 0  9990
2 63361   4.1420 273.1480 0032823   8.1064   5.9879  1.00271239  5541
TJS-16                  
1 63397U 25064A   26261.71746616 -.00000108  00000+0  00000+0 0  9998
2 63397   1.3324  80.6454 0001687 249.8045  86.1657  1.00273468  5328
TJS-17                  
1 63524U 25073A   26261.65722189 -.00000074  00000+0  00000+0 0  9994
2 63524   1.2984  81.6861 0001192 172.9636 144.0403  1.00272015  5226
TIANLIAN 2-05           
1 63662U 25084A   26261.28565619  .00000118  00000+0  00000+0 0  9999
2 63662   4.2228 278.8289 0001232 203.6007 358.0337  1.00273223  5311
TJS-19                  
1 63924U 25097A   26261.75900713 -.00000280  00000+0  00000+0 0  9995
2 63924   3.1391 319.0894 0006179 262.8023 190.1862  1.00270054  5082
CHINASAT 3B             
1 64062U 25106A   26261.38602319 -.00000049  00000+0  00000+0 0  9993
2 64062   0.0024 313.3018 0002298 236.1834 114.1107  1.00271137  4992
SXM-10                  
1 64290U 25122A   26261.47242615 -.00000022  00000+0  00000+0 0  9994
2 64290   0.0237  55.0941 0001551 303.9062  52.3198  1.00274088  4613
COSMOS 2589             
1 64467U 25131A   26261.62461432 -.00000363  00000+0  00000+0 0  9995
2 64467   0.1701  90.0227 0004760 341.3301 269.7922  1.00427505  4498
CHINASAT 9C             
1 64470U 25132A   26261.77266927 -.00000252  00000+0  00000+0 0  9995
2 64470   0.0135 141.9285 0002993  27.0068 199.1373  1.00271785  5085
MTG-S1                  
1 64723U 25143A   26261.85177507 -.00000011  00000+0  00000+0 0  9995
2 64723   0.6205 341.3341 0003534 252.9962  69.8150  1.00272448  4355
DROR 1                  
1 64784U 25148A   26261.77974755  .00000000  00000+0  00000+0 0  9995
2 64784   0.0202 153.1927 0000470  63.4430  57.7324  1.00271232  4239
SHIYAN-29               
1 65486U 25196A   26260.80134051 -.00000271  00000+0  00000+0 0  9999
2 65486  28.9195  17.3708 0015553 176.2612 186.2822  1.00287330  3810
NUSANTARA LIMA (NUSANT*)
1 65588U 25205A   26261.80288764 -.00000362  00000+0  00000+0 0  9996
2 65588   0.0082  73.8654 0000377 173.6457 152.1076  1.00271101  3656
TJS-20                  
1 66142U 25238A   26261.57911330  .00000020  00000+0  00000+0 0  9995
2 66142   5.2687 299.2292 0003215 235.4741  93.6593  1.00270726  3262
CMS-03 (GSAT-7R)        
1 66311U 25249B   26261.72393396 -.00000081  00000+0  00000+0 0  9996
2 66311   0.0431 265.7438 0000775 226.6974 199.7977  1.00272743  3285
VIASAT-3 F2             
1 66454U 25261A   26261.47979285 -.00000238  00000+0  00000+0 0  9991
2 66454   0.0043 165.0591 0000922 103.0351 183.0413  1.00272368  3728
SHIJIAN-28 (SJ-28)      
1 66549U 25277A   26261.62209488 -.00000368  00000+0  00000+0 0  9995
2 66549   4.3045 270.6885 0001307  95.2013 332.4569  1.00275875  3094
TJS-22                  
1 66990U 25290A   26261.72246060 -.00000012  00000+0  00000+0 0  9994
2 66990   1.3089 288.3274 0004082 323.4232  72.4438  1.00272837  2965
TJS-23                  
1 67226U 25306A   26261.34462413  .00000013  00000+0  00000+0 0  9995
2 67226   5.3828 297.0456 0004660 255.7830 104.0560  1.00275358  2829
FENGYUN 4C              
1 67246U 25312A   26261.56139624 -.00000327  00000+0  00000+0 0  9992
2 67246   0.0113 282.8444 0000372 340.3223  69.4273  1.00272180  2805
SHIJIAN-29A (SJ-29A)    
1 67302U 25315A   26261.50995299 -.00000074  00000+0  00000+0 0  9999
2 67302   3.6281  92.8496 0006184  72.6352  89.0168  1.00269762  2559
SHIJIAN-29B (SJ-29B)    
1 67403U 25315C   26261.01107461 -.00000075  00000+0  00000+0 0  9994
2 67403   3.6262  92.8547 0006885  85.8086 255.7888  1.00269873  2616
ELEKTRO-L 5             
1 67756U 26028A   26260.79780487  .00000000  00000+0  00000+0 0  9993
2 67756   0.0053   7.7261 0001560 162.0147 190.2624  1.00271670  2186
JAM-E JAM 1             
1 67757U 26028B   26261.50206628  .00000152  00000+0  00000+0 0  9992
2 67757   0.1521   3.3603 0000451  62.4399 146.2746  1.00270986  2051
ECHOSTAR 25             
1 68126U 26045A   26261.47363949 -.00000061  00000+0  00000+0 0  9998
2 68126   0.0174 162.4236 0001631  13.5322 241.9598  1.00272400  1924
TJS-24                  
1 69235U 26116A   26261.86971514 -.00000236  00000+0  00000+0 0  9999
2 69235   0.2436  88.5102 0001113 174.7281 137.9552  1.00274473  1160
