COSMOS 2433 (720)       
1 32275U 07052A   26239.24283581 -.00000027  00000+0  00000+0 0  9996
2 32275  65.5321 313.5410 0005026 219.4094 140.6289  2.13104496146575
COSMOS 2432 (719)       
1 32276U 07052B   26240.24400596 -.00000025  00000+0  00000+0 0  9994
2 32276  65.5476 313.6365 0008228 310.3447  41.3825  2.13103541146615
COSMOS 2434 (721)       
1 32393U 07065A   26238.17705503  .00000015  00000+0  00000+0 0  9991
2 32393  64.3207 189.5559 0001240  12.8948 138.9860  2.13101422145264
COSMOS 2436 (723)       
1 32395U 07065C   26239.88755875  .00000025  00000+0  00000+0 0  9990
2 32395  64.3291 189.5712 0017396 357.0551 159.0564  2.13100051145254
COSMOS 2456 (730)       
1 36111U 09070A   26236.12842843  .00000025  00000+0  00000+0 0  9994
2 36111  65.0541  68.6555 0002132 351.8875 186.8908  2.13103760129875
COSMOS 2457 (733)       
1 36112U 09070B   26240.17827648  .00000034  00000+0  00000+0 0  9991
2 36112  65.0424  68.3606 0005679 129.4560  42.9967  2.13101221129966
COSMOS 2460 (732)       
1 36402U 10007C   26239.51043771 -.00000024  00000+0  00000+0 0  9998
2 36402  65.3747 312.0517 0002116 199.9393 182.1337  2.13101972128250
COSMOS 2476 (744)       
1 37867U 11064A   26238.11454164  .00000037  00000+0  00000+0 0  9998
2 37867  65.3126  70.5118 0022238 231.8154 298.9667  2.13103922115253
COSMOS 2477 (745)       
1 37868U 11064B   26240.23361065  .00000037  00000+0  00000+0 0  9992
2 37868  65.3204  70.5206 0019259 231.5724 305.0182  2.13103052115298
COSMOS 2475 (743)       
1 37869U 11064C   26239.59620520  .00000038  00000+0  00000+0 0  9995
2 37869  65.3265  70.5643 0024443 247.0936 115.3177  2.13101883115295
COSMOS 2485 (747)       
1 39155U 13019A   26238.29889560  .00000039  00000+0  00000+0 0  9995
2 39155  65.4617  71.2526 0022828 227.1100 132.7735  2.13103333103777
COSMOS 2492 (754)       
1 39620U 14012A   26239.66557389 -.00000022  00000+0  00000+0 0  9992
2 39620  65.2515 311.5049 0011243 309.2237  50.7553  2.13103655 96765
COSMOS 2500 (755)       
1 40001U 14032A   26239.83442872 -.00000022  00000+0  00000+0 0  9998
2 40001  65.1861 311.2406 0009257 200.4844 159.5576  2.13106275 94981
COSMOS 2501 (702K)      
1 40315U 14075A   26239.62804448  .00000021  00000+0  00000+0 0  9999
2 40315  63.6182 187.8998 0022393 211.4090 148.4354  2.13101488 91374
COSMOS 2514 (751)       
1 41330U 16008A   26240.08202584 -.00000020  00000+0  00000+0 0  9990
2 41330  64.9744 310.5370 0013489 207.7572 152.2512  2.13102651 82156
COSMOS 2522 (752)       
1 42939U 17055A   26238.98096350  .00000018  00000+0  00000+0 0  9993
2 42939  64.0811 189.4756 0010029 238.3374 121.5414  2.13102127 69485
COSMOS 2527 (756)       
1 43508U 18053A   26239.88175911  .00000040  00000+0  00000+0 0  9991
2 43508  65.6206  71.5172 0006816 215.9435 144.0834  2.13102287 63807
COSMOS 2529 (757)       
1 43687U 18086A   26239.97772361  .00000026  00000+0  00000+0 0  9991
2 43687  64.2974 190.1712 0011126 255.4568 104.3971  2.13102139 60811
COSMOS 2534 (758)       
1 44299U 19030A   26239.56380443  .00000023  00000+0  00000+0 0  9999
2 44299  64.3711 190.2140 0012439 275.5856 261.3446  2.13102250 56447
COSMOS 2544 (759)       
1 44850U 19088A   26239.35691275  .00000040  00000+0  00000+0 0  9999
2 44850  65.6077  71.3570 0011897 247.1623 112.7859  2.13103084 52235
COSMOS 2545 (760)       
1 45358U 20018A   26239.08257418 -.00000023  00000+0  00000+0 0  9997
2 45358  64.3078 309.9251 0011265 233.5625 126.4119  2.13102858 50172
COSMOS 2547 (705K)      
1 46805U 20075A   26239.74194591  .00000024  00000+0  00000+0 0  9993
2 46805  64.6020 190.0884 0008915 237.9205 121.9701  2.13099960 45430
COSMOS 2557 (706K)      
1 52984U 22075A   26238.96723028 -.00000028  00000+0  00000+0 0  9991
2 52984  64.2521 311.9899 0012065 269.3203  90.6169  2.13102583 32224
COSMOS 2559 (707K)      
1 54031U 22130A   26240.19482603 -.00000024  00000+0  00000+0 0  9993
2 54031  64.2243 312.0275 0013493 186.4386 173.6225  2.13101762 30228
COSMOS 2564 (761)       
1 54377U 22161A   26240.03776032  .00000027  00000+0  00000+0 0  9997
2 54377  64.7439 190.3279 0011427 221.3247 138.5665  2.13102058 29162
COSMOS 2569 (703K)      
1 57517U 23114A   26239.58065557  .00000038  00000+0  00000+0 0  9998
2 57517  65.3462  70.2146 0008642 291.3113  68.6679  2.13102561 23786
COSMOS 2584 (704K)      
1 63130U 25042A   26238.05963155  .00000036  00000+0  00000+0 0  9998
2 63130  65.1278  70.4283 0006133 203.7284 156.3179  2.13103704 11530
COSMOS 2596 (708K)      
1 65590U 25206B   26239.32956648 -.00000027  00000+0  00000+0 0  9993
2 65590  64.5888 312.5074 0012039 302.8549  67.0436  2.13100999  7438
