EWS-G3 (GOES 14)        
1 35491U 09033A   26278.08655943  .00000001  00000+0  00000+0 0  9991
2 35491   1.9676  81.4691 0002244 117.6297 274.3069  1.00070324  7697
EWS-G2 (GOES 15)        
1 36411U 10008A   26277.90175642  .00000007  00000+0  00000+0 0  9997
2 36411   1.5742  81.7355 0004782  93.8383 225.9835  1.00272566 60739
GOES 16                 
1 41866U 16071A   26278.18570500 -.00000107  00000+0  00000+0 0  9998
2 41866   0.6078  83.9913 0002256 149.1479 102.8981  1.00271002 36204
GOES 17                 
1 43226U 18022A   26277.94274995 -.00000198  00000+0  00000+0 0  9990
2 43226   1.2139  83.8292 0001303 160.5559  19.1459  1.00272470 31528
GOES 18                 
1 51850U 22021A   26278.30524755  .00000080  00000+0  00000+0 0  9998
2 51850   0.0095  77.0418 0000655 186.9672  82.8804  1.00271098  7697
GOES 19                 
1 60133U 24119A   26278.15941763 -.00000265  00000+0  00000+0 0  9993
2 60133   0.0286  20.4523 0000755 248.4688  87.1386  1.00271948  8063
