INTELSAT 902 (IS-902)   
1 26900U 01039A   26274.88570068 -.00000286  00000+0  00000+0 0  9998
2 26900   6.3804  70.4322 0003858 121.3453  87.6007  1.00272785 91764
INTELSAT 904 (IS-904)   
1 27380U 02007A   26274.81809409 -.00000227  00000+0  00000+0 0  9999
2 27380   7.1805  67.8574 0003590 133.4262  72.3076  1.00272147 52835
DIRECTV 5 (TEMPO 1)     
1 27426U 02023A   26274.87382098 -.00000060  00000+0  00000+0 0  9999
2 27426   5.1439  73.9202 0003364 125.8125  15.3747  1.00271764 89190
INTELSAT 905 (IS-905)   
1 27438U 02027A   26274.63923737  .00000092  00000+0  00000+0 0  9995
2 27438   7.0147  68.4674 0003812 155.2064 239.6450  1.00270884 52430
GALAXY 3C (G-3C)        
1 27445U 02030A   26274.87685433 -.00000156  00000+0  00000+0 0  9993
2 27445   4.0118  76.6328 0001188  62.1138  92.7098  1.00271282 47569
INTELSAT 906 (IS-906)   
1 27513U 02041A   26274.93495830  .00000010  00000+0  00000+0 0  9996
2 27513   6.0676  71.5581 0003488 140.3625 199.5030  1.00273341 88099
GALAXY 13 (HORIZONS-1)  
1 27954U 03044A   26274.63351472  .00000130  00000+0  00000+0 0  9992
2 27954   1.6878  82.3319 0002204 128.3534 237.7589  1.00270445 47644
INTELSAT 10-02          
1 28358U 04022A   26274.61036378 -.00000014  00000+0  00000+0 0  9993
2 28358   0.0178 244.1430 0000389  26.8470 318.1077  1.00271782 81621
DIRECTV 8               
1 28659U 05019A   26274.64601617 -.00000002  00000+0  00000+0 0  9998
2 28659   0.0177 157.5964 0003096  34.5541 291.7686  1.00271911 78145
GALAXY 28 (G-28)        
1 28702U 05022A   26274.67644304 -.00000202  00000+0  00000+0 0  9996
2 28702   3.5666  77.5420 0001738 108.2251  41.0985  1.00270887 53042
GALAXY 16 (G-16)        
1 29236U 06023A   26274.59095037 -.00000130  00000+0  00000+0 0  9995
2 29236   0.0121 189.3670 0002743   1.0633 293.6662  1.00271102 74044
DIRECTV 9S              
1 29494U 06043A   26274.92331419 -.00000291  00000+0  00000+0 0  9995
2 29494   2.6910  79.4849 0008043 193.5189 210.1413  0.99096943 52457
GALAXY 17 (G-17)        
1 31307U 07016B   26274.87884767 -.00000210  00000+0  00000+0 0  9996
2 31307   3.2344  78.4645 0004395 146.1354  17.4321  1.00271104 70877
INTELSAT 11 (IS-11)     
1 32253U 07044B   26274.61400380 -.00000077  00000+0  00000+0 0  9996
2 32253   3.8355  77.2853 0008369 138.7783  32.8159  0.99050133 69504
HORIZONS-2              
1 32388U 07063B   26274.80977005 -.00000256  00000+0  00000+0 0  9999
2 32388   2.8698  79.2080 0002019 137.7648  11.3322  1.00270635 68889
DIRECTV 11              
1 32729U 08013A   26274.59086369 -.00000129  00000+0  00000+0 0  9993
2 32729   0.0157  74.0190 0000087 158.6841 251.1670  1.00271168 46667
GALAXY 18 (G-18)        
1 32951U 08024A   26274.64463102  .00000022  00000+0  00000+0 0  9993
2 32951   0.0171 197.4929 0003127   3.1701 278.7934  1.00271272 46920
GALAXY 19 (G-19)        
1 33376U 08045A   26274.87642100 -.00000143  00000+0  00000+0 0  9995
2 33376   0.0195 234.6853 0002580 313.5724  40.8886  1.00271935 65979
FM-5                    
1 35493U 09034A   26274.80717005 -.00000204  00000+0  00000+0 0  9994
2 35493   0.0205 254.2094 0000118  78.1690 242.6095  1.00270032 47712
INTELSAT 14 (IS-14)     
1 36097U 09064A   26274.81540741 -.00000277  00000+0  00000+0 0  9990
2 36097   0.1833  83.6880 0002616 118.9736  56.4532  1.00271997 61676
INTELSAT 15 (IS-15)     
1 36106U 09067A   26274.90372554 -.00000189  00000+0  00000+0 0  9991
2 36106   0.0152 146.7219 0002708  64.9064 209.5155  1.00271006 42293
DIRECTV 12              
1 36131U 09075A   26274.87529433 -.00000108  00000+0  00000+0 0  9995
2 36131   0.0387  16.0299 0000254 166.8587  40.1065  1.00271038 47620
INTELSAT 16 (IS-16)     
1 36397U 10006A   26274.82615411  .00000103  00000+0  00000+0 0  9996
2 36397   0.0298 275.6354 0002363 307.5987  93.7589  1.01413343 60720
XM-5                    
1 37185U 10053A   26274.58774368 -.00000026  00000+0  00000+0 0  9999
2 37185   0.0677 269.8838 0000139 263.7627 293.0982  1.00271984 58554
INTELSAT 17 (IS-17)     
1 37238U 10065B   26274.89272510 -.00000006  00000+0  00000+0 0  9995
2 37238   0.0102 200.9398 0002443 347.0660 210.0054  1.00271165 54316
INTELSAT 28 (IS-28)     
1 37392U 11016A   26274.88934069 -.00000228  00000+0  00000+0 0  9992
2 37392   2.0745  81.1587 0003717 118.5881  99.3536  1.00271687 54358
INTELSAT 18 (IS-18)     
1 37834U 11056A   26274.85995426  .00000049  00000+0  00000+0 0  9998
2 37834   0.0312 259.9232 0002399 312.0674 288.2020  1.00273407 54882
INTELSAT 22 (IS-22)     
1 38098U 12011A   26274.92677053 -.00000063  00000+0  00000+0 0  9991
2 38098   0.0212 240.2472 0001615 298.2201 237.9551  1.00270830  8251
INTELSAT 19 (IS-19)     
1 38356U 12030A   26274.85718091  .00000000  00000+0  00000+0 0  9999
2 38356   0.0129 186.1334 0003147  12.1075 286.9339  1.00270747 51527
INTELSAT 20 (IS-20)     
1 38740U 12043A   26274.92529566 -.00000029  00000+0  00000+0 0  9997
2 38740   0.0177 119.2968 0001531  54.4505 238.5262  1.00272189 51811
INTELSAT 21 (IS-21)     
1 38749U 12045A   26274.88414068 -.00000289  00000+0  00000+0 0  9991
2 38749   0.0164 249.0868 0002220 305.5833  76.2580  1.00271977 51596
INTELSAT 23 (IS-23)     
1 38867U 12057A   26274.81384741 -.00000288  00000+0  00000+0 0  9991
2 38867   0.0177 259.1485 0001948 347.9481   3.4497  1.00273142 51026
FM-6                    
1 39360U 13058A   26274.61934296 -.00000019  00000+0  00000+0 0  9998
2 39360   0.0183 244.6217 0001250  25.3132 207.0677  1.00270225 47149
INTELSAT 30 (IS-30)     
1 40271U 14062A   26274.06478271 -.00000151  00000+0  00000+0 0  9999
2 40271   0.0128 111.5670 0001080 287.1053 259.4305  1.00269785  7859
DIRECTV 14              
1 40333U 14078B   26274.59086369 -.00000128  00000+0  00000+0 0  9990
2 40333   0.0134 266.4168 0000764 201.5271  15.8781  1.00270307 43110
DIRECTV 15              
1 40663U 15026A   26274.87529433 -.00000107  00000+0  00000+0 0  9992
2 40663   0.0293  95.8544 0000326 153.6820 333.3202  1.00272825 41532
SKY MEXICO-1            
1 40664U 15026B   26274.88006101 -.00000239  00000+0  00000+0 0  9992
2 40664   0.0210 260.5117 0002247 299.6004  48.5365  1.00271977 41529
INTELSAT 34 (IS-34)     
1 40874U 15039A   26274.88466068 -.00000290  00000+0  00000+0 0  9998
2 40874   0.0206 297.0332 0000135 314.3818  22.2090  1.00270217 40702
INTELSAT 31 (IS-31)     
1 41581U 16035A   26274.45574486 -.00000153  00000+0  00000+0 0  9996
2 41581   0.0119 219.1011 0002121  17.5437 202.5881  1.00270417 37749
INTELSAT 36 (IS-36)     
1 41747U 16053A   26274.57453660 -.00000027  00000+0  00000+0 0  9993
2 41747   0.0021 142.7234 0001955 195.9022 307.0211  1.00270238 37028
INTELSAT 32E (IS-32E)   
1 41945U 17007B   26274.31690911 -.00000271  00000+0  00000+0 0  9998
2 41945   0.0186 210.5490 0000244  12.3290 218.1032  1.00269303 35287
INTELSAT 35E (IS-35E)   
1 42818U 17041A   26274.67496971 -.00000241  00000+0  00000+0 0  9992
2 42818   0.0179 153.2873 0002199  46.0008  19.6266  1.00270911 33883
INTELSAT 37E (IS-37E)   
1 42950U 17059A   26274.89211404 -.00000145  00000+0  00000+0 0  9991
2 42950   0.0161 231.2039 0002942 327.6869 114.9214  1.00270843 33135
AZERSPACE 2 (IS-38)     
1 43632U 18074A   26274.69074310  .00000133  00000+0  00000+0 0  9994
2 43632   0.0175 144.9317 0001393  60.7510  98.5406  1.00271582 29512
HORIZONS-3E             
1 43633U 18074B   26273.37267123 -.00000029  00000+0  00000+0 0  9990
2 43633   0.0132 188.2850 0000860  15.4404 108.5931  1.00270634 29394
AT&T T-16               
1 44333U 19034A   26274.66175735 -.00000119  00000+0  00000+0 0  9995
2 44333   0.0172 111.8481 0000190 269.8650 126.0822  1.00271788 26709
INTELSAT 39 (IS-39)     
1 44476U 19049B   26274.60667872  .00000031  00000+0  00000+0 0  9993
2 44476   0.0179 216.3933 0000524 261.0550 173.2590  1.00270839 26196
GALAXY 30 (G-30)        
1 46114U 20056C   26274.64393616  .00000034  00000+0  00000+0 0  9993
2 46114   0.0171 223.9903 0002563 333.2599 279.9635  1.00271100 22361
GALAXY 33 (G-33)        
1 54026U 22128A   26274.51782375  .00000076  00000+0  00000+0 0  9992
2 54026   0.0208 269.2276 0001949 282.8296 231.6382  1.00271934 14808
GALAXY 34 (G-34)        
1 54027U 22128B   26274.65629731  .00000056  00000+0  00000+0 0  9992
2 54027   0.0154 223.6599 0001485 316.6001 297.4149  1.00270487 14988
GALAXY 31 (G-31)        
1 54243U 22153A   26274.65785733  .00000010  00000+0  00000+0 0  9995
2 54243   0.0119 225.3968 0001435 332.3615 288.4887  1.00270127  8207
GALAXY 32 (G-32)        
1 54244U 22153B   26274.38072581 -.00000176  00000+0  00000+0 0  9990
2 54244   0.0073 178.9402 0000752  91.4965 145.7647  1.00270853 14207
GALAXY 35 (G-35)        
1 54741U 22170A   26274.59207704 -.00000165  00000+0  00000+0 0  9999
2 54741   0.0192 238.5083 0002127 320.0841 291.7998  1.00271593 13966
GALAXY 36 (G-36)        
1 54742U 22170B   26274.59294370 -.00000188  00000+0  00000+0 0  9990
2 54742   0.0156 164.8985 0001581 340.4025 349.5092  1.00271491 13854
GALAXY 37 (G-37)        
1 57493U 23112A   26273.94392602  .00000047  00000+0  00000+0 0  9991
2 57493   0.0174 158.3534 0002312  52.7298  11.4522  1.00272826 11603
