IRIDIUM 106             
1 41917U 17003A   26277.84136790  .00000178  00000+0  56589-4 0  9997
2 41917  86.3976  42.6786 0001825  97.1417 262.9987 14.34218599508924
IRIDIUM 103             
1 41918U 17003B   26277.89845292  .00000166  00000+0  52201-4 0  9991
2 41918  86.3976  42.5543 0002078  88.1975 271.9459 14.34215843508951
IRIDIUM 109             
1 41919U 17003C   26277.90481044  .00000170  00000+0  53530-4 0  9996
2 41919  86.3978  42.6139 0001808  90.5529 269.5874 14.34217855508924
IRIDIUM 102             
1 41920U 17003D   26277.87308128  .00000034  00000+0  51677-5 0  9995
2 41920  86.3977  42.5474 0002107  95.7381 264.4055 14.34217836509006
IRIDIUM 105             
1 41921U 17003E   26277.76190868  .00000155  00000+0  48322-4 0  9990
2 41921  86.4025  11.0599 0002398  93.6943 266.4528 14.34216680510841
IRIDIUM 104             
1 41922U 17003F   26277.88576698  .00000140  00000+0  43056-4 0  9996
2 41922  86.3977  42.5863 0002354  89.1127 271.0338 14.34218499508990
IRIDIUM 114             
1 41923U 17003G   26277.89210901  .00000162  00000+0  50906-4 0  9996
2 41923  86.3976  42.5667 0002084  91.1893 268.9542 14.34218069508978
IRIDIUM 108             
1 41924U 17003H   26277.78086172  .00000051  00000+0  11300-4 0  9998
2 41924  86.4019  10.9353 0002210  96.3671 263.7777 14.34218084510817
IRIDIUM 112             
1 41925U 17003J   26277.87942389  .00000169  00000+0  53310-4 0  9997
2 41925  86.3973  42.4088 0002162  92.7728 267.3716 14.34218732508999
IRIDIUM 111             
1 41926U 17003K   26277.86673867  .00000086  00000+0  23672-4 0  9995
2 41926  86.3976  42.4873 0002082  92.4053 267.7381 14.34218382508975
IRIDIUM 113             
1 42803U 17039A   26277.98623956  .00000058  00000+0  13664-4 0  9995
2 42803  86.3911 276.2710 0002336  89.0533 271.0930 14.34217894486928
IRIDIUM 123             
1 42804U 17039B   26277.81841432 -.00000005  00000+0 -87214-5 0  9996
2 42804  86.3942 307.8297 0001998  91.1635 268.9789 14.34217277485666
IRIDIUM 120             
1 42805U 17039C   26277.97989518  .00000046  00000+0  92015-5 0  9990
2 42805  86.3900 276.0416 0002149  91.4997 268.6445 14.34217767486913
IRIDIUM 115             
1 42806U 17039D   26277.93861981  .00000127  00000+0  31897-4 0  9990
2 42806  86.4437 276.2026 0002133  86.7675 273.3770 14.43279694490097
IRIDIUM 118             
1 42807U 17039E   26277.85012671  .00000140  00000+0  42980-4 0  9996
2 42807  86.3946 307.8143 0002225  93.7041 266.4409 14.34218275485667
IRIDIUM 117             
1 42808U 17039F   26277.79938514  .00000136  00000+0  41510-4 0  9996
2 42808  86.3944 307.7921 0002190  91.5919 268.5527 14.34218425485683
IRIDIUM 126             
1 42809U 17039G   26277.82475608  .00000070  00000+0  18047-4 0  9997
2 42809  86.3944 307.8345 0002248  90.4920 269.6533 14.34218037485665
IRIDIUM 124             
1 42810U 17039H   26277.94177012  .00000222  00000+0  59977-4 0  9996
2 42810  86.4462 244.4419 0002259  84.6456 275.5002 14.43280652490948
IRIDIUM 128             
1 42811U 17039J   26277.67595768  .00000138  00000+0  42203-4 0  9999
2 42811  86.4004 339.4049 0002113  96.4088 263.7348 14.34218119485671
IRIDIUM 121             
1 42812U 17039K   26277.84378400  .00000101  00000+0  29074-4 0  9992
2 42812  86.3946 307.8550 0002207  94.5709 265.5739 14.34218178485540
IRIDIUM 133             
1 42955U 17061A   26277.91697523  .00000135  00000+0  41154-4 0  9993
2 42955  86.4006 339.4249 0002144  95.5039 264.6401 14.34217582470503
IRIDIUM 100             
1 42956U 17061B   26277.91063405 -.00000001  00000+0 -73986-5 0  9993
2 42956  86.4000 339.3432 0002106  95.6970 264.4466 14.34217395470505
IRIDIUM 122             
1 42957U 17061C   26277.94868896  .00000142  00000+0  43557-4 0  9998
2 42957  86.4005 339.3281 0002176  92.4737 267.6708 14.34218477470513
IRIDIUM 129             
1 42958U 17061D   26277.69498563  .00000058  00000+0  13778-4 0  9999
2 42958  86.4006 339.5023 0002408  93.5160 266.6311 14.34218006470495
IRIDIUM 119             
1 42959U 17061E   26277.73303806  .00000182  00000+0  58031-4 0  9999
2 42959  86.4006 339.4825 0002171  92.5303 267.6141 14.34220909470510
IRIDIUM 107             
1 42960U 17061F   26277.89160548  .00000088  00000+0  24409-4 0  9999
2 42960  86.4007 339.4383 0002048  91.3525 268.7906 14.34218134470549
IRIDIUM 132             
1 42961U 17061G   26277.89794774  .00000060  00000+0  14283-4 0  9993
2 42961  86.4007 339.4144 0002216  94.5683 265.5766 14.34218124470540
IRIDIUM 136             
1 42962U 17061H   26277.92966127  .00000134  00000+0  40889-4 0  9994
2 42962  86.4006 339.4084 0002203  96.0293 264.1154 14.34218406470564
IRIDIUM 139             
1 42963U 17061J   26277.93600336  .00000056  00000+0  12901-4 0  9990
2 42963  86.4008 339.4694 0002157  94.8230 265.3213 14.34218013470573
IRIDIUM 125             
1 42964U 17061K   26277.92331885  .00000004  00000+0 -54722-5 0  9992
2 42964  86.4006 339.5375 0002114  82.0836 278.0599 14.34217426470589
IRIDIUM 135             
1 43070U 17083A   26277.96721133  .00000050  00000+0  10930-4 0  9990
2 43070  86.3906 276.1086 0002242  89.4996 270.6457 14.34217767459880
IRIDIUM 138             
1 43071U 17083B   26277.92281335  .00000037  00000+0  61728-5 0  9999
2 43071  86.3918 275.8393 0002312  87.0205 273.1255 14.34217786459869
IRIDIUM 116             
1 43072U 17083C   26277.96086890  .00000128  00000+0  38648-4 0  9998
2 43072  86.3904 276.0957 0002053  94.0949 266.0481 14.34218324459905
IRIDIUM 130             
1 43073U 17083D   26277.92915562  .00000076  00000+0  19937-4 0  9994
2 43073  86.3912 276.3953 0002023  89.8607 270.2821 14.34217805459845
IRIDIUM 151             
1 43074U 17083E   26277.48517334  .00000112  00000+0  32952-4 0  9994
2 43074  86.3905 276.3552 0002203  90.5398 269.6050 14.34218668459809
IRIDIUM 134             
1 43075U 17083F   26277.94184200 -.00000007  00000+0 -97121-5 0  9993
2 43075  86.3905 276.1735 0002075  89.7019 270.4414 14.34217317459835
IRIDIUM 137             
1 43076U 17083G   26277.95452741  .00000121  00000+0  36256-4 0  9999
2 43076  86.3908 276.2633 0002256  98.4183 261.7269 14.34218106459903
IRIDIUM 141             
1 43077U 17083H   26277.94818326  .00000067  00000+0  16816-4 0  9993
2 43077  86.3905 276.0903 0002281  88.8720 271.2737 14.34218039459908
IRIDIUM 153             
1 43078U 17083J   26277.97012977  .00000185  00000+0  59108-4 0  9997
2 43078  86.3939 244.5467 0002320  83.1308 277.0152 14.34216211461015
IRIDIUM 131             
1 43079U 17083K   26277.93549777  .00000070  00000+0  18026-4 0  9994
2 43079  86.3909 276.2891 0002268  89.9783 270.1672 14.34218203459839
IRIDIUM 144             
1 43249U 18030A   26277.97647495  .00000159  00000+0  49573-4 0  9995
2 43249  86.3937 244.4704 0002171  88.3228 271.8216 14.34218228445877
IRIDIUM 149             
1 43250U 18030B   26277.91304842  .00000171  00000+0  54033-4 0  9998
2 43250  86.3936 244.4629 0002275  84.6638 275.4818 14.34218592445886
IRIDIUM 157             
1 43251U 18030C   26277.93207650  .00000037  00000+0  62160-5 0  9992
2 43251  86.3937 244.5105 0002223  85.7914 274.3536 14.34217788445869
IRIDIUM 140             
1 43252U 18030D   26277.95110406  .00000099  00000+0  28383-4 0  9993
2 43252  86.3938 244.5149 0002214  85.5421 274.6028 14.34217959445926
IRIDIUM 145             
1 43253U 18030E   26277.93841778  .00000174  00000+0  54947-4 0  9994
2 43253  86.3937 244.4922 0002019  90.2208 269.9219 14.34218648445850
IRIDIUM 146             
1 43254U 18030F   26277.91939129  .00000175  00000+0  55563-4 0  9997
2 43254  86.3937 244.5119 0002147  87.9151 272.2290 14.34218548445868
IRIDIUM 148             
1 43255U 18030G   26277.95744663  .00000107  00000+0  31196-4 0  9990
2 43255  86.3937 244.5409 0002303  87.8638 272.2822 14.34217688445904
IRIDIUM 142             
1 43256U 18030H   26277.92573403  .00000170  00000+0  53715-4 0  9991
2 43256  86.3935 244.4391 0002148  89.4644 270.6798 14.34218569445862
IRIDIUM 150             
1 43257U 18030J   26277.96378896  .00000178  00000+0  56354-4 0  9995
2 43257  86.3939 244.5431 0002174  86.3792 273.7652 14.34218863445895
IRIDIUM 143             
1 43258U 18030K   26277.94476150  .00000173  00000+0  54725-4 0  9991
2 43258  86.3941 244.6479 0002131  86.1902 273.9537 14.34218242445824
IRIDIUM 161             
1 43478U 18047C   26277.85038142  .00000201  00000+0  53618-4 0  9990
2 43478  86.4497  42.5825 0002302  93.3676 266.7788 14.43279820440959
IRIDIUM 152             
1 43479U 18047D   26277.84771098  .00000114  00000+0  33728-4 0  9997
2 43479  86.3972  42.4461 0002135  92.8463 267.2977 14.34218143438206
IRIDIUM 147             
1 43480U 18047E   26277.85406044  .00000119  00000+0  35263-4 0  9997
2 43480  86.3973  42.4505 0002062  96.0767 264.0664 14.34220879438207
IRIDIUM 110             
1 43481U 18047F   26277.86039725  .00000175  00000+0  55581-4 0  9994
2 43481  86.3976  42.5427 0002361  91.9035 268.2431 14.34218527438192
IRIDIUM 162             
1 43482U 18047G   26277.84407872  .00000229  00000+0  62217-4 0  9999
2 43482  86.4496  42.4750 0002149  92.9446 267.2000 14.43281882440941
IRIDIUM 160             
1 43569U 18061A   26277.80623214  .00000102  00000+0  29320-4 0  9995
2 43569  86.4023  10.9658 0002189  96.1400 264.0045 14.34218223429085
IRIDIUM 166             
1 43570U 18061B   26277.76183445  .00000036  00000+0  57392-5 0  9996
2 43570  86.4022  10.9333 0002133  97.2953 262.8486 14.34217859429102
IRIDIUM 158             
1 43571U 18061C   26277.79988978  .00000038  00000+0  63760-5 0  9992
2 43571  86.4022  10.9275 0002117  93.5640 266.5798 14.34218138429076
IRIDIUM 165             
1 43572U 18061D   26277.75549175  .00000105  00000+0  30458-4 0  9993
2 43572  86.4023  10.9945 0002085  96.3788 263.7646 14.34218239429095
IRIDIUM 155             
1 43573U 18061E   26277.78720940  .00000121  00000+0  36126-4 0  9994
2 43573  86.4019  10.8449 0002075  94.9755 265.1677 14.34216384429062
IRIDIUM 154             
1 43574U 18061F   26277.76817670  .00000064  00000+0  15631-4 0  9994
2 43574  86.4024  10.9918 0002103  97.0260 263.1175 14.34218020429114
IRIDIUM 163             
1 43575U 18061G   26277.95845488  .00000158  00000+0  49213-4 0  9991
2 43575  86.4019  10.8242 0002167  94.4746 265.6698 14.34217857429112
IRIDIUM 156             
1 43576U 18061H   26277.79354673  .00000130  00000+0  39201-4 0  9991
2 43576  86.4020  10.9005 0001904  90.8504 269.2910 14.34218328429080
IRIDIUM 164             
1 43577U 18061J   26277.77451932  .00000016  00000+0 -13533-5 0  9991
2 43577  86.4022  10.9503 0002127  98.3912 261.7525 14.34217793429129
IRIDIUM 159             
1 43578U 18061K   26277.74280651  .00000096  00000+0  27096-4 0  9992
2 43578  86.4020  10.8983 0002224  94.1542 265.9908 14.34218297429086
IRIDIUM 180             
1 43922U 19002A   26277.60276587  .00000093  00000+0  26067-4 0  9993
2 43922  86.3945 307.8797 0002256  93.4026 266.7428 14.34218106404673
IRIDIUM 176             
1 43923U 19002B   26277.79089731  .00000339  00000+0  49848-4 0  9992
2 43923  86.6066 307.7290 0002379  92.2680 267.8809 14.72252892415373
IRIDIUM 168             
1 43924U 19002C   26277.80572866  .00000080  00000+0  21411-4 0  9990
2 43924  86.3945 307.8751 0002252  93.2996 266.8458 14.34218015404689
IRIDIUM 173             
1 43925U 19002D   26277.93258022  .00000019  00000+0 -12350-6 0  9997
2 43925  86.3939 307.7060 0002095  92.4200 267.7236 14.34217726404681
IRIDIUM 169             
1 43926U 19002E   26277.87213687  .00000155  00000+0  44063-4 0  9993
2 43926  86.4260 339.3671 0001944  87.3525 272.7895 14.38609045405999
IRIDIUM 172             
1 43927U 19002F   26277.78670043  .00000012  00000+0 -28828-5 0  9992
2 43927  86.3941 307.7755 0002161  93.0026 267.1417 14.34217668404673
IRIDIUM 175             
1 43928U 19002G   26277.93025404  .00000213  00000+0  56750-4 0  9991
2 43928  86.4491 244.6209 0002322 175.3263 184.7960 14.43650662414813
IRIDIUM 171             
1 43929U 19002H   26277.83744151  .00000072  00000+0  18761-4 0  9991
2 43929  86.3954 308.0731 0002169  94.5033 265.6411 14.34217966404677
IRIDIUM 170             
1 43930U 19002J   26277.79708572  .00000424  00000+0  63327-4 0  9994
2 43930  86.6065 307.7278 0002397  91.2903 268.8589 14.72250664415385
IRIDIUM 167             
1 43931U 19002K   26277.83109833  .00000134  00000+0  40675-4 0  9994
2 43931  86.3944 307.7805 0002009  94.1051 266.0374 14.34218308404670
IRIDIUM 181             
1 56726U 23068S   26277.78556007  .00000182  00000+0  48066-4 0  9995
2 56726  86.4558  10.9789 0002305  97.5622 262.5841 14.43307763178247
IRIDIUM 177             
1 56727U 23068T   26277.98011972  .00000301  00000+0  38881-4 0  9992
2 56727  86.1909 276.7238 0002477  86.8640 273.2862 14.77173018182593
IRIDIUM 174             
1 56728U 23068U   26277.58082099  .00000399  00000+0  59354-4 0  9992
2 56728  86.6074 307.9767 0002402  88.4180 271.7312 14.72251606182117
IRIDIUM 178             
1 56729U 23068V   26277.70420654  .00000476  00000+0  59435-4 0  9996
2 56729  86.6574 339.6349 0002413  89.8188 270.3310 14.80037240182563
IRIDIUM 179             
1 56730U 23068W   26277.69882551  .00000243  00000+0  28686-4 0  9990
2 56730  86.6827 348.9379 0002347  92.4976 267.6514 14.80046899182568
