SAR-LUPE 2              
1 31797U 07030A   26276.92466160  .00021856  00000+0  22875-3 0  9992
2 31797  98.1108  36.2263 0003336 155.8758 204.2656 15.64465827 73869
SAPPHIRE                
1 39088U 13009C   26276.91616511  .00000027  00000+0  24537-4 0  9997
2 39088  98.4315  93.8387 0010073 287.2974  72.7110 14.35263460712178
PRAETORIAN SDA_602      
1 65565U 25203A   26276.97673938  .00000056  00000+0  40038-4 0  9993
2 65565  81.2990 270.0642 0004879 259.8610 100.1996 13.83894338 53743
PRAETORIAN SDA_603      
1 65566U 25203B   26276.92844726  .00000149  00000+0  12387-3 0  9992
2 65566  81.2996 270.0261 0008590 255.9977 104.0225 13.83967859 53741
PRAETORIAN SDA_604      
1 65567U 25203C   26276.72974156  .00000054  00000+0  38918-4 0  9996
2 65567  81.3012 270.7947 0004411 266.5094  93.5558 13.83057825 53683
PRAETORIAN SDA_605      
1 65568U 25203D   26276.97175209  .00000058  00000+0  42170-4 0  9995
2 65568  81.2977 270.1664 0007170 256.2316 103.8042 13.83135376 53738
PRAETORIAN SDA_606      
1 65569U 25203E   26276.95509980  .00000061  00000+0  44945-4 0  9997
2 65569  81.3014 270.4470 0004963 257.7966 102.2634 13.83212679 53725
PRAETORIAN SDA_607      
1 65570U 25203F   26276.91305723  .00000108  00000+0  87277-4 0  9991
2 65570  81.2994 270.0215 0007892 256.3779 103.6498 13.83765192 53745
PRAETORIAN SDA_608      
1 65571U 25203G   26276.96433298  .00000059  00000+0  42211-4 0  9990
2 65571  81.2967 270.1040 0004899 263.6436  96.4163 13.83826097 53737
PRAETORIAN SDA_609      
1 65572U 25203H   26276.72162942  .00000200  00000+0  16856-3 0  9993
2 65572  81.3005 270.2936 0005830 256.8078 103.2428 13.84217957 53718
PRAETORIAN SDA_610      
1 65573U 25203J   26276.96318779  .00000059  00000+0  43180-4 0  9994
2 65573  81.2968 270.1068 0005607 262.9803  97.0716 13.83535382 53733
PRAETORIAN SDA_611      
1 65574U 25203K   26276.98489057 -.00000217  00000+0 -20890-3 0  9995
2 65574  81.2974 270.2942 0004481 269.1566  90.9077 13.83315323 53729
PRAETORIAN SDA_612      
1 65575U 25203L   26276.91105139  .00000209  00000+0  17460-3 0  9993
2 65575  81.2989 269.6827 0008216 255.7601 104.2643 13.85040942 53767
PRAETORIAN SDA_613      
1 65576U 25203M   26276.74485550  .00000062  00000+0  46197-4 0  9990
2 65576  81.2958 270.5979 0004567 257.3610 102.7035 13.82773870 53685
PRAETORIAN SDA_614      
1 65577U 25203N   26276.92059320  .00000064  00000+0  46543-4 0  9990
2 65577  81.2973 269.7777 0006013 253.4946 106.5551 13.84785739 53769
PRAETORIAN SDA_615      
1 65578U 25203P   26276.92427041  .00000215  00000+0  18169-3 0  9990
2 65578  81.2984 269.8071 0007963 254.2080 105.8199 13.84444059 53759
PRAETORIAN SDA_616      
1 65579U 25203Q   26276.98726197  .00000127  00000+0  10515-3 0  9990
2 65579  81.3023 270.5101 0004403 266.8525  93.2127 13.83276942 53728
PRAETORIAN SDA_617      
1 65580U 25203R   26276.72878930  .00000056  00000+0  40230-4 0  9996
2 65580  81.2996 270.5700 0006302 255.2520 104.7938 13.83158077 53692
PRAETORIAN SDA_618      
1 65581U 25203S   26276.97630386  .00000177  00000+0  14786-3 0  9995
2 65581  81.2981 269.7158 0008681 258.4252 101.5930 13.84230674 53763
PRAETORIAN SDA_619      
1 65582U 25203T   26276.97915779  .00000168  00000+0  14105-3 0  9993
2 65582  81.3005 270.1213 0007066 254.3596 105.6781 13.83732032 54373
PRAETORIAN SDA_620      
1 65583U 25203U   26276.97355051  .00000164  00000+0  13933-3 0  9999
2 65583  81.2990 270.2156 0006369 251.8290 108.2173 13.83213389 53733
PRAETORIAN SDA_621      
1 65584U 25203V   26276.97777320  .00000059  00000+0  42989-4 0  9994
2 65584  81.2980 270.0275 0006302 247.7237 112.3252 13.83810778 53745
PRAETORIAN SDA_601      
1 65585U 25203W   26276.70890114  .00000018  00000+0  56978-5 0  9992
2 65585  81.3003 270.6974 0004434 272.0959  87.9689 13.83175889 53682
VICTUS HAZE PUMA        
1 69646U 26142A   26276.95355976  .00002718  00000+0  12351-3 0  9990
2 69646  97.4499 173.3328 0019683  83.2748 277.0728 15.21448473 16202
