SKYSAT-A                
1 39418U 13066C   26283.38082350  .00002015  00000+0  11568-3 0  9992
2 39418  97.3687 329.0664 0019455 275.8177  84.0837 15.13497109705909
SKYSAT-B                
1 40072U 14037D   26282.69905416  .00000997  00000+0  11468-3 0  9995
2 40072  98.3995 248.2982 0004189 267.1353  92.9383 14.88263773662997
SKYSAT-C1               
1 41601U 16040C   26283.04915077  .00008233  00000+0  22271-3 0  9999
2 41601  96.9487 308.6246 0001944  24.4084 335.7254 15.37935340575518
SKYSAT-C4               
1 41771U 16058B   26283.29195711  .00017261  00000+0  28935-3 0  9992
2 41771  96.9148 300.4898 0003096 146.9809 213.1638 15.51884237563301
SKYSAT-C5               
1 41772U 16058C   26283.35318629  .00006080  00000+0  18441-3 0  9993
2 41772  97.0359 318.7286 0001698 158.6018 201.5297 15.34457250561402
SKYSAT-C2               
1 41773U 16058D   26283.28754311  .00010721  00000+0  23425-3 0  9993
2 41773  97.0124 301.2120 0003122  31.2240 328.9194 15.44341247562808
SKYSAT-C3               
1 41774U 16058E   26283.34096089  .00024169  00000+0  33293-3 0  9997
2 41774  96.8914 310.0770 0001665 116.6019 243.5409 15.57228196564000
SKYSAT-C11              
1 42987U 17068A   26283.00201240  .00037996  00000+0  39887-3 0  9993
2 42987  97.4475  77.4747 0000190 179.5131 180.6128 15.64274156501150
SKYSAT-C10              
1 42988U 17068B   26283.63367875  .00009819  00000+0  27838-3 0  9996
2 42988  97.4667  61.8817 0001205  95.6770 264.4612 15.36451289500076
SKYSAT-C9               
1 42989U 17068C   26283.62067994  .00014397  00000+0  31605-3 0  9999
2 42989  97.4583  63.9686 0008960  82.0901 278.1364 15.44111164500555
SKYSAT-C8               
1 42990U 17068D   26283.61831650  .00010868  00000+0  28374-3 0  9996
2 42990  97.4683  62.1217 0001266  85.8178 274.3212 15.38981932500054
SKYSAT-C7               
1 42991U 17068E   26283.61587783  .00010928  00000+0  28556-3 0  9991
2 42991  97.4695  63.1178 0006596  60.9177 299.2728 15.38933617500111
SKYSAT-C6               
1 42992U 17068F   26283.66049449  .00008797  00000+0  26821-3 0  9993
2 42992  97.4738  62.5202 0001665 107.9837 252.1587 15.34191164500028
SKYSAT-C12              
1 43797U 18099AR  26283.28534092  .00017700  00000+0  29224-3 0  9997
2 43797  96.9208 302.1406 0006389  98.3388 261.8590 15.52287330439695
FLOCK 4Q-16             
1 58271U 23174R   26283.22082980  .00026399  00000+0  40780-3 0  9992
2 58271  97.3769  14.3356 0007124 115.1176 245.0817 15.54064998163417
PELICAN-1               
1 58296U 23174AS  26282.24427330  .00001188  00000+0  13528-4 0  9992
2 58296  97.4004  29.2221 0000862  97.4659 262.6698 15.64566586164068
FLOCK 4Q-2              
1 58320U 23174BS  26283.59988334  .00024668  00000+0  37318-3 0  9995
2 58320  97.3820  15.1975 0005564  85.1535 275.0355 15.54665227163509
FLOCK 4Q-9              
1 58322U 23174BU  26283.51193143  .00035391  00000+0  51819-3 0  9992
2 58322  97.3816  15.3132 0006627  84.5600 275.6411 15.55482391163486
FLOCK 4Q-4              
1 58327U 23174BZ  26283.23883502  .00029173  00000+0  45816-3 0  9992
2 58327  97.3780  13.8704 0005565 112.4397 247.7447 15.53599228163398
FLOCK 4Q-13             
1 58328U 23174CA  26283.50029123  .00029406  00000+0  41021-3 0  9997
2 58328  97.3992  18.1010 0006370  90.8204 269.3781 15.56836199163589
FLOCK 4BE-18            
1 60480U 24149N   26283.58596569  .00026939  00000+0  54535-3 0  9995
2 60480  97.3671   8.8013 0003913 175.7900 184.3383 15.46397705120110
FLOCK 4BE-7             
1 60481U 24149P   26283.48060945  .00024578  00000+0  51311-3 0  9995
2 60481  97.3700   7.8884 0003203 183.2971 176.8258 15.45516391120023
FLOCK 4BE-36            
1 60486U 24149U   26283.49667722  .00054951  00000+0  99358-3 0  9998
2 60486  97.3683   9.7293 0003696 187.5149 172.6047 15.49510052120160
FLOCK 4BE-25            
1 60487U 24149V   26283.19904220  .00019696  00000+0  45570-3 0  9997
2 60487  97.3741   7.3410 0002747 174.0946 186.0334 15.42508692119945
FLOCK 4BE-31            
1 60488U 24149W   26283.51923217  .00029842  00000+0  53927-3 0  9990
2 60488  97.3742  10.8743 0002910 181.7024 178.4217 15.49660548120201
FLOCK 4BE-20            
1 60489U 24149X   26283.49187887  .00076138  00000+0  15143-2 0  9990
2 60489  97.3618   6.4864 0004792 187.6117 172.5060 15.46665909119973
FLOCK 4BE-23            
1 60490U 24149Y   26283.50231298  .00020614  00000+0  49802-3 0  9998
2 60490  97.3719   6.6624 0003181 192.2272 167.8898 15.41193278119930
FLOCK 4BE-17            
1 60492U 24149AA  26283.50417110  .00023456  00000+0  51609-3 0  9994
2 60492  97.3713   8.0299 0003259 179.8609 180.2641 15.43972796120020
FLOCK 4BE-22            
1 60494U 24149AC  26283.49987664  .00024544  00000+0  50930-3 0  9995
2 60494  97.3677   8.4319 0003492 190.3117 169.8061 15.45694953120082
FLOCK 4BE-34            
1 60495U 24149AD  26283.51735231  .00037651  00000+0  77433-3 0  9990
2 60495  97.3726   9.3484 0003401 207.3478 152.7592 15.45870528120118
FLOCK 4BE-32            
1 60497U 24149AF  26283.46680983  .00024466  00000+0  48481-3 0  9990
2 60497  97.3665   8.9406 0003771 201.2096 158.8998 15.47040510120120
FLOCK 4BE-11            
1 60501U 24149AK  26283.59320199  .00029318  00000+0  56106-3 0  9994
2 60501  97.3642   9.4117 0003769 197.1471 162.9653 15.48015626120173
FLOCK 4BE-24            
1 60505U 24149AP  26283.49350074  .00026613  00000+0  50308-3 0  9995
2 60505  97.3660   9.6425 0003553 207.8606 152.2455 15.48388728120179
TANAGER-1               
1 60507U 24149AR  26283.51490889  .00016727  00000+0  36584-3 0  9994
2 60507  97.2290  17.1018 0000237 134.2863 225.8406 15.44222320120832
FLOCK 4BE-29            
1 60509U 24149AT  26283.23822621  .00056173  00000+0  99215-3 0  9997
2 60509  97.3759  11.3199 0001338 251.4965 108.6142 15.50178043120204
FLOCK 4BE-13            
1 60512U 24149AW  26283.48309582  .00020281  00000+0  41582-3 0  9999
2 60512  97.3669   9.3313 0004148 197.9603 162.1501 15.46081148120150
FLOCK 4BE-27            
1 60513U 24149AX  26283.22622574  .00008666  00000+0  24784-3 0  9999
2 60513  97.3765   5.2301 0002644 237.7893 122.3095 15.36209494119792
FLOCK 4BE-9             
1 60514U 24149AY  26283.48782555  .00022252  00000+0  47094-3 0  9990
2 60514  97.3740   9.1418 0002321 209.6820 150.4298 15.45135866120091
FLOCK 4BE-6             
1 60516U 24149BA  26283.49117410  .00020716  00000+0  46377-3 0  9991
2 60516  97.3734   8.2525 0002759 215.1677 144.9389 15.43484602120038
FLOCK 4BE-14            
1 60517U 24149BB  26283.22075960  .00021652  00000+0  45302-3 0  9993
2 60517  97.3633   8.2569 0003801 215.7783 144.3211 15.45475080120061
FLOCK 4BE-1             
1 60518U 24149BC  26283.23718832  .00026365  00000+0  51498-3 0  9996
2 60518  97.3726   9.9923 0003535 217.5621 142.5383 15.47444751120133
FLOCK 4BE-28            
1 60519U 24149BD  26283.50761729  .00025854  00000+0  44641-3 0  9994
2 60519  97.3698  11.5582 0003095 213.7447 146.3608 15.50980747120289
FLOCK 4BE-5             
1 60559U 24149CV  26283.20898310  .00022820  00000+0  49313-3 0  9993
2 60559  97.3794   8.5673 0002956 207.3137 152.7956 15.44514201120005
FLOCK 4BE-3             
1 60561U 24149CX  26283.48096860  .00023377  00000+0  47858-3 0  9996
2 60561  97.3638   8.7701 0003433 205.5279 154.5801 15.46099479120126
FLOCK 4BE-19            
1 60563U 24149CZ  26283.19600884  .00033675  00000+0  59052-3 0  9994
2 60563  97.3690  10.7231 0004116 219.5299 140.5653 15.50487278120205
FLOCK 4G-8              
1 62613U 25009E   26283.46172777  .00010527  00000+0  34541-3 0  9990
2 62613  97.3946   5.0976 0002574 253.1092 106.9868 15.31784874 96556
FLOCK 4G-9              
1 62622U 25009P   26283.45947921  .00008352  00000+0  29231-3 0  9993
2 62622  97.3896   3.6508 0002948 272.6486  87.4417 15.29759617 96471
FLOCK 4G-7              
1 62624U 25009R   26283.47077654  .00010274  00000+0  34278-3 0  9997
2 62624  97.3879   4.2459 0001092 245.5970 114.5158 15.31252707 96534
FLOCK 4G-12             
1 62625U 25009S   26283.53424797  .00010910  00000+0  36398-3 0  9991
2 62625  97.3962   4.9461 0002654 247.1406 112.9555 15.31235936 96544
FLOCK 4G-11             
1 62629U 25009W   26283.18307938  .00010291  00000+0  34136-3 0  9993
2 62629  97.3859   4.0601 0001173 256.5507 103.5604 15.31440658 96507
PELICAN-2               
1 62631U 25009Y   26282.55047900  .00004113  00000+0  10283-3 0  9999
2 62631  97.2087  11.8522 0002546 103.7036 256.4494 15.40688277 97164
FLOCK 4G-26             
1 62633U 25009AA  26283.18597085  .00009440  00000+0  31208-3 0  9993
2 62633  97.3957   4.8010 0002088 233.3276 126.7774 15.31573771 96503
FLOCK 4G-28             
1 62634U 25009AB  26283.19073725  .00009520  00000+0  26886-3 0  9990
2 62634  97.3981   8.2779 0000753 196.3064 163.8156 15.36579591 96733
FLOCK 4G-24             
1 62637U 25009AE  26283.51070677  .00010958  00000+0  35894-3 0  9998
2 62637  97.3966   5.4693 0002143 210.8178 149.2938 15.31828311 96576
FLOCK 4G-3              
1 62639U 25009AG  26282.67652912  .00007068  00000+0  23088-3 0  9994
2 62639  97.4000   4.2879 0000459 259.7060 100.4130 15.32056646 96412
FLOCK 4G-27             
1 62641U 25009AJ  26283.48923585  .00010797  00000+0  35945-3 0  9992
2 62641  97.3873   4.3253 0000918 215.4348 144.6833 15.31310221 96531
FLOCK 4G-29             
1 62642U 25009AK  26283.19259178  .00045245  00000+0  13397-2 0  9993
2 62642  97.3950   4.9383 0002520 198.7801 161.3350 15.34736283 96506
FLOCK 4G-22             
1 62645U 25009AN  26283.49414398  .00010632  00000+0  35428-3 0  9998
2 62645  97.3948   5.0599 0001372 200.4896 159.6291 15.31284944 96554
FLOCK 4G-25             
1 62646U 25009AP  26283.45600930  .00009819  00000+0  32572-3 0  9996
2 62646  97.3957   5.1381 0000860 202.3663 157.7541 15.31453260 96555
FLOCK 4G-23             
1 62647U 25009AQ  26283.20754066  .00063394  00000+0  14895-2 0  9995
2 62647  97.3854   5.4839 0001708 200.1435 159.9745 15.41788480 96598
FLOCK 4G-34             
1 62650U 25009AT  26283.21841751  .00010302  00000+0  34580-3 0  9993
2 62650  97.3901   4.2819 0000877 218.8233 141.2945 15.31058246 96504
FLOCK 4G-21             
1 62651U 25009AU  26283.22554267  .00051148  00000+0  13278-2 0  9991
2 62651  97.3932   6.0304 0001379 234.9927 125.1189 15.38808137 96606
FLOCK 4G-31             
1 62652U 25009AV  26283.18603783  .00018080  00000+0  60045-3 0  9998
2 62652  97.3910   4.2203 0000351 175.5579 184.5666 15.31267082 96490
FLOCK 4G-4              
1 62659U 25009BC  26283.49003884  .00009667  00000+0  27087-3 0  9995
2 62659  97.3873   4.8954 0002048 220.1163 139.9930 15.36819330154188
FLOCK 4G-6              
1 62660U 25009BD  26283.22110714  .00010519  00000+0  34906-3 0  9995
2 62660  97.3879   4.1196 0001614 277.7718  82.3340 15.31421481154096
FLOCK 4G-2              
1 62661U 25009BE  26283.45359904  .00009971  00000+0  32683-3 0  9997
2 62661  97.3948   5.1249 0002457 267.5756  92.5204 15.31833791154160
FLOCK 4G-5              
1 62663U 25009BG  26283.48774430  .00009871  00000+0  32013-3 0  9993
2 62663  97.3973   5.6439 0001972 239.5377 120.5670 15.32179878 96585
FLOCK 4G-1              
1 62666U 25009BK  26283.18262360  .00011321  00000+0  37113-3 0  9996
2 62666  97.3961   4.8362 0002655 263.4459  96.6481 15.31795414 96501
FLOCK 4G-14             
1 62667U 25009BL  26283.63311159  .00011297  00000+0  37650-3 0  9996
2 62667  97.3965   5.0221 0002731 256.4405 103.6532 15.31262060 96558
FLOCK 4G-10             
1 62670U 25009BP  26283.50650460  .00010762  00000+0  35744-3 0  9995
2 62670  97.3861   4.0896 0002574 283.0188  77.0766 15.31385245154170
FLOCK 4G-36             
1 62675U 25009BU  26283.63281217  .00011434  00000+0  37953-3 0  9995
2 62675  97.3954   4.9429 0002980 263.0370  97.0533 15.31388646 96550
FLOCK 4G-15             
1 62678U 25009BX  26283.50195626  .00011872  00000+0  39231-3 0  9999
2 62678  97.3956   4.9741 0003166 259.2497 100.8388 15.31521659154184
FLOCK 4G-30             
1 62679U 25009BY  26283.21244771  .00058362  00000+0  14296-2 0  9992
2 62679  97.3844   4.9287 0002422 245.8716 114.2277 15.40548920154204
FLOCK 4G-18             
1 62680U 25009BZ  26283.46880839  .00049033  00000+0  12960-2 0  9993
2 62680  97.3935   5.4316 0003888 262.7725  97.3078 15.38258778154218
FLOCK 4G-17             
1 62681U 25009CA  26283.19511504  .00010148  00000+0  33508-3 0  9991
2 62681  97.3857   4.0434 0003031 283.1387  76.9516 15.31590064154141
FLOCK 4G-33             
1 62685U 25009CE  26283.19133995  .00005426  00000+0  20978-3 0  9999
2 62685  97.3878   1.7885 0003808 286.4754  73.6066 15.26635522 96342
PELICAN-3               
1 65315U 25188A   26283.17468930  .00007122  00000+0  17508-3 0  9998
2 65315  97.1877 357.5685 0001873 116.2292 243.9147 15.40940115 63023
PELICAN-4               
1 65316U 25188B   26282.43184562  .00023290  00000+0  56432-3 0  9996
2 65316  97.2023 356.9656 0003159  73.9091 286.2503 15.41078011 62904
PELICAN-5               
1 66667U 25276B   26282.01939698  .00027776  00000+0  75109-3 0  9991
2 66667  97.3591 357.3030 0002921 122.9813 237.1713 15.37680982 47978
PELICAN-6               
1 66703U 25276AP  26283.47431710  .00005483  00000+0  16306-3 0  9990
2 66703  97.3295 357.9955 0001697  87.3200 272.8237 15.35154444 48194
FLOCK 4H-1              
1 66704U 25276AQ  26283.42448425  .00021713  00000+0  94152-3 0  9996
2 66704  97.4080 355.3272 0001147 265.0237  95.0869 15.22376936 47954
FLOCK 4H-2              
1 66705U 25276AR  26283.45134709  .00006283  00000+0  27742-3 0  9993
2 66705  97.4079 355.4274 0000296  81.9987 278.1283 15.22094344 47962
FLOCK 4H-3              
1 66706U 25276AS  26283.16489761  .00006055  00000+0  27501-3 0  9993
2 66706  97.4151 355.0303 0002831 340.1877  19.9248 15.21139509 47894
FLOCK 4H-4              
1 66707U 25276AT  26283.14582907  .00006170  00000+0  28148-3 0  9994
2 66707  97.4133 354.8342 0003489 337.7632  22.3452 15.20973331 47888
FLOCK 4H-5              
1 66708U 25276AU  26283.15754560  .00005755  00000+0  25702-3 0  9993
2 66708  97.4082 355.0758 0000774  92.6040 267.5285 15.21738462 47916
FLOCK 4H-6              
1 66709U 25276AV  26283.14886579  .00021976  00000+0  96244-3 0  9991
2 66709  97.4134 355.1440 0002165 295.7753  64.3260 15.22034387 47908
FLOCK 4H-7              
1 66710U 25276AW  26283.14640869  .00006369  00000+0  28764-3 0  9994
2 66710  97.4093 354.8155 0002181  27.1396 332.9954 15.21312075 47895
FLOCK 4H-8              
1 66711U 25276AX  26283.45962236  .00006183  00000+0  27832-3 0  9993
2 66711  97.4132 355.3342 0002714 359.5760   0.5473 15.21435521 47945
FLOCK 4H-9              
1 66712U 25276AY  26283.45556935  .00005388  00000+0  24088-3 0  9995
2 66712  97.4123 355.4545 0001899 308.0828  52.0237 15.21732014 47957
FLOCK 4H-10             
1 66713U 25276AZ  26283.45249361  .00005539  00000+0  25236-3 0  9992
2 66713  97.4098 355.0465 0003312 338.3779  21.7316 15.21065297 47930
FLOCK 4H-12             
1 66715U 25276BB  26283.17883160  .00005001  00000+0  22389-3 0  9994
2 66715  97.4095 355.0897 0000514 301.3142  58.8043 15.21722033 48222
FLOCK 4H-13             
1 66716U 25276BC  26283.47422476  .00006104  00000+0  27192-3 0  9999
2 66716  97.4128 355.6010 0000673 147.3844 212.7434 15.21800358 47968
FLOCK 4H-14             
1 66717U 25276BD  26283.53727814  .00007427  00000+0  32466-3 0  9990
2 66717  97.4111 355.7558 0000703 134.9516 225.1778 15.22374479 47231
FLOCK 4H-15             
1 66718U 25276BE  26283.14727782  .00021308  00000+0  93115-3 0  9994
2 66718  97.4123 354.8061 0002638 349.4984  10.6197 15.22116007 47889
FLOCK 4H-16             
1 66719U 25276BF  26283.45917564  .00006041  00000+0  27485-3 0  9992
2 66719  97.4142 355.2191 0003219 341.0637  19.0478 15.21079790 47936
FLOCK 4H-18             
1 66721U 25276BH  26283.20588827  .00006054  00000+0  27609-3 0  9996
2 66721  97.4085 354.7090 0003462   9.6655 350.4646 15.20998112 47895
FLOCK 4H-19             
1 66722U 25276BJ  26283.14024708  .00005220  00000+0  23105-3 0  9994
2 66722  97.4084 355.2553 0000862 181.0263 179.0971 15.22088609 47211
FLOCK 4H-20             
1 66723U 25276BK  26283.19493813  .00006291  00000+0  27530-3 0  9992
2 66723  97.4123 355.4896 0001210 237.4129 122.6990 15.22400123 47183
FLOCK 4H-21             
1 66724U 25276BL  26283.18382920  .00005088  00000+0  22611-3 0  9996
2 66724  97.4090 355.2096 0001079 234.8740 125.2395 15.21963172 47174
FLOCK 4H-22             
1 66725U 25276BM  26283.45420009  .00006106  00000+0  27441-3 0  9996
2 66725  97.4078 355.1101 0002397  21.0637 339.0697 15.21495915 47942
FLOCK 4H-23             
1 66726U 25276BN  26283.46956528  .00006030  00000+0  27504-3 0  9994
2 66726  97.4149 355.2266 0003121 330.3371  29.7687 15.20995565 47938
FLOCK 4H-24             
1 66727U 25276BP  26283.44752427  .00005572  00000+0  25355-3 0  9997
2 66727  97.4142 355.2444 0003147 350.7716   9.3462 15.21108762 47938
FLOCK 4H-25             
1 66728U 25276BQ  26283.47190969  .00005692  00000+0  25369-3 0  9996
2 66728  97.4099 355.4826 0001132 123.9250 236.2094 15.21817479 47249
FLOCK 4H-26             
1 66729U 25276BR  26283.16857715  .00005662  00000+0  25981-3 0  9999
2 66729  97.4098 354.6616 0003854 346.6818  13.4315 15.20810395 47884
FLOCK 4H-27             
1 66730U 25276BS  26283.51238187  .00005887  00000+0  26345-3 0  9990
2 66730  97.4076 355.3254 0000930 101.1486 258.9854 15.21661269 47963
FLOCK 4H-29             
1 66732U 25276BU  26283.60064727  .00005634  00000+0  25747-3 0  9994
2 66732  97.4075 355.0628 0002810   7.6471 352.4807 15.20956243 47954
FLOCK 4H-30             
1 66733U 25276BV  26283.19012336  .00005697  00000+0  25930-3 0  9991
2 66733  97.4139 354.9551 0003395 349.7669  10.3497 15.21090046 47896
FLOCK 4H-31             
1 66734U 25276BW  26283.42263965  .00006044  00000+0  27695-3 0  9991
2 66734  97.4076 354.8386 0003168   1.6329 358.4917 15.20832018 47926
FLOCK 4H-32             
1 66735U 25276BX  26283.14057454  .00005941  00000+0  27142-3 0  9997
2 66735  97.4132 354.8363 0003627 344.5077  15.6047 15.20943071 47887
FLOCK 4H-33             
1 66736U 25276BY  26283.16637754  .00006076  00000+0  26860-3 0  9993
2 66736  97.4128 355.3979 0001025 215.8649 144.2519 15.22070395 47927
FLOCK 4H-34             
1 66737U 25276BZ  26283.50125417  .00006777  00000+0  30210-3 0  9992
2 66737  97.4144 355.6266 0000947 235.4155 124.6992 15.21737431 47219
FLOCK 4H-35             
1 66738U 25276CA  26283.47141197  .00005630  00000+0  25112-3 0  9994
2 66738  97.4100 355.4988 0001003 189.8704 170.2513 15.21793602 47259
FLOCK 4H-36             
1 66739U 25276CB  26283.45481185  .00005627  00000+0  25187-3 0  9995
2 66739  97.4153 355.5709 0000971 266.0304  94.0821 15.21671782 47953
EDDA-1                  
1 69017U 26100AP  26282.17106732  .00002110  00000+0  84691-4 0  9994
2 69017  97.3316 178.1487 0002951  90.8036 269.3541 15.26062790 24175
PELICAN-8               
1 69018U 26100AQ  26283.20804159  .00003299  00000+0  12462-3 0  9993
2 69018  97.3031 179.0450 0003181  72.0608 288.0978 15.27682690 24353
PELICAN-9               
1 69019U 26100AR  26283.27088663  .00003534  00000+0  13269-3 0  9993
2 69019  97.2461 178.4606 0003550  89.2481 270.9165 15.27832525 24346
PELICAN-11              
1 69871U 26156C   26283.47953675  .00001057  00000+0  98482-4 0  9995
2 69871  97.7021 182.4038 0005593 328.2627  31.8257 14.96336523 14011
