SCD 1                   
1 22490U 93009B   26275.70054949  .00000322  00000+0  36848-4 0  9997
2 22490  24.9696 263.7268 0041830 195.6059 325.6350 14.46153818776690
TECHSAT 1B (GO-32)      
1 25397U 98043D   26275.95694063  .00000011  00000+0  24809-4 0  9992
2 25397  99.0167 271.4840 0000237 263.5932  96.5219 14.24445217466673
SCD 2                   
1 25504U 98060A   26275.92662995  .00000302  00000+0  33461-4 0  9994
2 25504  24.9942 127.7125 0016749 181.1459 201.9219 14.45558098475930
DLR-TUBSAT              
1 25757U 99029B   26275.83042013  .00000019  00000+0  16544-4 0  9991
2 25757  98.6779 274.9225 0014692  27.3384 332.8581 14.52448021448876
TERRA                   
1 25994U 99068A   26275.95485152  .00000159  00000+0  41300-4 0  9998
2 25994  97.9338 321.1670 0001120 221.4128 261.3136 14.61168800425349
MAROC-TUBSAT            
1 27004U 01056D   26275.94058341 -.00000032  00000+0  16712-4 0  9997
2 27004  99.8136  94.8779 0019254 225.6749 294.8885 13.70266060240945
AQUA                    
1 27424U 02022A   26275.90690550  .00000407  00000+0  90621-4 0  9993
2 27424  98.4425 247.4186 0001141  62.1565  22.6798 14.62220347299013
SHIYAN-1 (SY-1)         
1 28220U 04012A   26275.22048254  .00008586  00000+0  24541-3 0  9995
2 28220  97.8622   0.4081 0005093  12.5945 347.5424 15.36255541227519
AURA                    
1 28376U 04026A   26275.89189224  .00000428  00000+0  96227-4 0  9996
2 28376  98.3551 233.3105 0001173  67.4206 292.7118 14.61459364181949
IRS-P5 (CARTOSAT-1)     
1 28649U 05017A   26275.98022391  .00000554  00000+0  60911-4 0  9992
2 28649  97.5278 294.1546 0002565  79.6005 280.5503 14.91268648159888
SINAH 1                 
1 28893U 05043D   26275.95948260  .00000159  00000+0  39675-4 0  9995
2 28893  98.3017  51.0127 0013304 301.4404  58.5497 14.64217241116292
RESURS-DK 1             
1 29228U 06021A   26275.70466416  .00001072  00000+0  65696-4 0  9993
2 29228  69.9320  61.1524 0003704 197.3376 162.7665 15.13563738118840
ARIRANG-2 (KOMPSAT-2)   
1 29268U 06031A   26275.97470656  .00000420  00000+0  87283-4 0  9990
2 29268  97.8341  95.2447 0015834  90.8993  61.6844 14.64712977 77259
LAPAN-TUBSAT            
1 29709U 07001A   26275.99165418 -.00000115  00000+0 -65499-5 0  9996
2 29709  98.1417 277.6915 0011713 188.4007 171.7013 14.86038392 67161
HAIYANG-1B              
1 31113U 07010A   26275.68104107  .00000033  00000+0  28266-4 0  9999
2 31113  98.3637 253.4253 0012346 241.0411 118.9535 14.31048493 16017
COSMO-SKYMED 1          
1 31598U 07023A   26275.92784089  .00001035  00000+0  94009-4 0  9991
2 31598  97.8812 108.7230 0000927  81.4867 278.6460 14.97497212 45914
TERRASAR-X              
1 31698U 07026A   26275.29358561 -.00000080  00000+0 -63313-6 0  9994
2 31698  97.4473 281.4838 0001821  88.3281 271.8162 15.19152115 69484
WORLDVIEW-1 (WV-1)      
1 32060U 07041A   26275.93898469  .00003485  00000+0  14695-3 0  9998
2 32060  97.3832  34.1507 0003928  20.3294 339.8099 15.23965942 59299
YAOGAN-3                
1 32289U 07055A   26275.97701831  .00001419  00000+0  14879-3 0  9995
2 32289  97.8092 304.7784 0001928  85.3031 274.8407 14.91105226 21932
COSMO-SKYMED 2          
1 32376U 07059A   26275.97541810  .00000172  00000+0  28215-4 0  9990
2 32376  97.8911  98.0429 0001378  90.1176 270.0195 14.82146475 17973
RADARSAT-2              
1 32382U 07061A   26276.00290137 -.00000113  00000+0 -26805-4 0  9998
2 32382  98.5826 281.4148 0001210  84.7387 275.3933 14.29981436981363
CARTOSAT-2A             
1 32783U 08021A   26275.93391944 -.00000348  00000+0 -40044-4 0  9990
2 32783  97.7516 320.9052 0013086 117.6323 242.6220 14.79340408994732
HUANJING 1A (HJ-1A)     
1 33320U 08041A   26275.97493380  .00000489  00000+0  64523-4 0  9993
2 33320  97.6817 257.7281 0019728 140.6532 219.6121 14.84184453974397
HUANJING 1B (HJ-1B)     
1 33321U 08041B   26275.92667346  .00000753  00000+0  96915-4 0  9998
2 33321  97.6648 260.5205 0035785 187.3627 172.7067 14.83482524974388
GEOEYE 1                
1 33331U 08042A   26275.88519683  .00000178  00000+0  42295-4 0  9998
2 33331  98.1242 348.5074 0005830  82.4989 277.6876 14.64699729965918
THEOS                   
1 33396U 08049A   26275.90670801  .00000037  00000+0  37021-4 0  9994
2 33396  98.5448 329.6279 0001247  85.7780 274.3540 14.20144736933250
COSMO-SKYMED 3          
1 33412U 08054A   26275.89031648  .00002393  00000+0  16172-3 0  9997
2 33412  97.8114 136.2097 0014115 261.4558  98.5070 15.07510431973168
YAOGAN-4                
1 33446U 08061A   26275.35933467  .00000537  00000+0  72007-4 0  9991
2 33446  97.9350 208.1034 0015679  82.1054 278.1939 14.83365615961558
GOSAT (IBUKI)           
1 33492U 09002A   26275.59355705  .00000297  00000+0  60856-4 0  9999
2 33492  98.0973  25.3731 0001567  88.2762 271.8622 14.67533561947214
DEIMOS-1                
1 35681U 09041A   26275.89215681  .00000203  00000+0  36964-4 0  9995
2 35681  97.7557  68.5541 0001403 137.1077 223.0242 14.75327309922760
DUBAISAT-1              
1 35682U 09041B   26275.32573777  .00000465  00000+0  76230-4 0  9997
2 35682  98.0206  47.5131 0011678  87.7580 272.4966 14.75272161920890
OCEANSAT-2              
1 35931U 09051A   26275.92853152  .00000240  00000+0  18983-3 0  9990
2 35931  98.2456 252.0762 0014394 294.7816  65.1853 13.99667797894406
WORLDVIEW-2 (WV-2)      
1 35946U 09055A   26275.95159201  .00000045  00000+0  29438-4 0  9998
2 35946  98.4728 347.9144 0003212 256.4583 103.6246 14.37923762891138
SMOS                    
1 36036U 09059A   26275.76985491  .00000151  00000+0  62015-4 0  9996
2 36036  98.4428 101.5452 0001128  75.7169 284.4145 14.39773246888930
YAOGAN-7                
1 36110U 09069A   26275.93109919  .00000220  00000+0  37591-4 0  9990
2 36110  97.9890 161.0371 0025703  53.5381 306.8193 14.78089915905541
TANDEM-X                
1 36605U 10030A   26275.29358470 -.00000077  00000+0 -48272-6 0  9998
2 36605  97.4461 281.4853 0001853  99.0990 261.0454 15.19150561902903
CARTOSAT-2B             
1 36795U 10035A   26275.93584001 -.00000140  00000+0 -11892-4 0  9992
2 36795  97.9834 325.7280 0010940 196.2267 163.8595 14.78659208875777
YAOGAN-10               
1 36834U 10038A   26275.98641189  .00000871  00000+0  10688-3 0  9995
2 36834  97.8939 298.5280 0001662  89.2639 307.9805 14.85614353873210
COSMO-SKYMED 4          
1 37216U 10060A   26275.92059218  .00000143  00000+0  24581-4 0  9995
2 37216  97.8912  97.9914 0001848  79.1250 281.0171 14.82152530860523
RESOURCESAT-2           
1 37387U 11015A   26275.91525951  .00000005  00000+0  22299-4 0  9997
2 37387  98.7535 342.5523 0010328 310.0741  49.9530 14.21612066801481
HAIYANG-2A              
1 37781U 11043A   26275.99773912 -.00000249  00000+0 -23026-3 0  9996
2 37781  99.3464 275.9829 0003854  92.7627 267.3961 13.71120731761440
RASAT                   
1 37791U 11044D   26275.93683872  .00000259  00000+0  53402-4 0  9998
2 37791  98.0552   5.6795 0019816 207.5887 280.7098 14.68247279808990
SRMSAT                  
1 37841U 11058D   26275.94492289  .00000347  00000+0  44439-4 0  9998
2 37841  19.9708 127.2177 0011691 309.6951  79.9391 14.11595866773064
PLEIADES 1A             
1 38012U 11076F   26275.98873664 -.00000107  00000+0 -13263-4 0  9990
2 38012  98.1885 349.5915 0001508 102.1703  70.9972 14.58547096787701
ZIYUAN 1-02C (ZY 1-02C) 
1 38038U 11079A   26275.98513850  .00000048  00000+0  29854-4 0  9994
2 38038  98.3958 340.9836 0006241 356.3876 106.3519 14.38281953774704
ARIRANG-3 (KOMPSAT-3)   
1 38338U 12025B   26275.94473214  .00000224  00000+0  53747-4 0  9998
2 38338  98.1314 231.6163 0006314 127.5002 232.6774 14.62282117767090
EXACTVIEW-1 (ADS-1B)    
1 38709U 12039C   26275.59947559  .00000060  00000+0  45629-4 0  9992
2 38709  98.9896  35.4785 0010261 217.8391 142.2067 14.25009676738001
SPOT 6                  
1 38755U 12047A   26275.90300378  .00000010  00000+0  12036-4 0  9990
2 38755  98.2008 341.8877 0001106  80.5415 279.5909 14.58537705748753
PLEIADES 1B             
1 39019U 12068A   26275.98992632 -.00000033  00000+0  27524-5 0  9990
2 39019  98.1856 349.5032 0001562  97.2685 262.8692 14.58570726736565
GOKTURK 2               
1 39030U 12073A   26275.96811389  .00000477  00000+0  76737-4 0  9996
2 39030  97.6773 107.9928 0001660  58.2908 301.8464 14.75624549740405
LANDSAT 8               
1 39084U 13008A   26275.90513686  .00000157  00000+0  44894-4 0  9991
2 39084  98.2197 344.7006 0001305  94.3505 265.7842 14.57107385713580
SARAL                   
1 39086U 13009A   26275.92633728  .00000037  00000+0  29568-4 0  9994
2 39086  98.5558 101.1508 0001672   8.4819 351.6394 14.32910072711032
GAOFEN-1                
1 39150U 13018A   26275.94862473 -.00000064  00000+0 -18257-5 0  9995
2 39150  97.8992 345.7660 0015679 279.8244  80.1195 14.76548475724142
VNREDSAT 1              
1 39160U 13021B   26275.94994002 -.00000030  00000+0  28738-5 0  9991
2 39160  97.8959 325.1511 0001252  93.2657 266.8690 14.64754604716066
ARIRANG-5 (KOMPSAT-5)   
1 39227U 13042A   26275.97638736  .00000829  00000+0  63544-4 0  9998
2 39227  97.6218 101.1813 0004743 109.2844 250.8895 15.04517012720067
SKYSAT-A                
1 39418U 13066C   26275.38092268  .00001438  00000+0  83661-4 0  9994
2 39418  97.3698 321.3299 0019765 305.7650  54.1744 15.13465009704697
DUBAISAT-2              
1 39419U 13066D   26275.91650065  .00002247  00000+0  13880-3 0  9993
2 39419  97.4680 263.3518 0011904  30.2990 329.8926 15.10822365702650
GPM-CORE                
1 39574U 14009C   26275.92425008  .00003754  00000+0  83951-4 0  9992
2 39574  64.9703 307.0969 0010793 268.1671  91.8233 15.45204423714451
SENTINEL-1A             
1 39634U 14016A   26276.00349181 -.00000054  00000+0 -16281-5 0  9999
2 39634  98.1599 281.8425 0001455  84.5893 275.5473 14.59809227665748
KAZEOSAT 1              
1 39731U 14024A   26275.98603029 -.00000118  00000+0 -22901-4 0  9992
2 39731  98.3105 345.6922 0001464  87.0991 273.0366 14.42067426654098
ALOS-2                  
1 39766U 14029A   26275.94593844  .00000090  00000+0  18891-4 0  9994
2 39766  97.9226  11.5661 0001533  93.5887 266.5500 14.79465926667512
KAZEOSAT 2              
1 40010U 14033A   26275.93528628 -.00000083  00000+0 -37860-5 0  9992
2 40010  97.5348 109.8438 0007976 333.8864  26.1949 14.85571998664958
HODOYOSHI-4             
1 40011U 14033B   26275.94639124  .00000754  00000+0  86820-4 0  9990
2 40011  97.5486  95.6167 0022407 311.2380  48.6906 14.88339335664831
DEIMOS-2                
1 40013U 14033D   26275.89142931  .00000069  00000+0  11505-4 0  9998
2 40013  97.5637 146.5121 0001602  48.8459 311.2899 14.93957128653808
HODOYOSHI-3             
1 40015U 14033F   26275.89271118  .00000579  00000+0  72444-4 0  9995
2 40015  97.6550  74.7013 0032708   2.3464 357.7899 14.85583605663610
SPOT 7                  
1 40053U 14034A   26275.91194177 -.00000066  00000+0 -42246-5 0  9991
2 40053  98.0507 335.5651 0001136  91.7010 268.4322 14.61029661652860
SKYSAT-B                
1 40072U 14037D   26275.70677896  .00000715  00000+0  84116-4 0  9996
2 40072  98.3982 240.8921 0004335 296.9906  63.0866 14.88249955661957
WORLDVIEW-3 (WV-3)      
1 40115U 14048A   26275.90317775  .00000380  00000+0  50617-4 0  9992
2 40115  97.8473 349.2024 0001154  27.2732 332.8544 14.85158768657896
GAOFEN-2                
1 40118U 14049A   26275.94236465  .00000501  00000+0  71583-4 0  9996
2 40118  97.9992 339.9862 0006035 239.0274 121.0345 14.81015542655184
YAOGAN-21               
1 40143U 14053A   26275.95927944  .00001939  00000+0  74560-4 0  9993
2 40143  97.1380 311.6007 0009599  74.3654 285.8645 15.27516227671405
YAOGAN-22               
1 40275U 14063A   26275.87379397 -.00000041  00000+0  15675-4 0  9990
2 40275 100.7889  69.0205 0005928 311.3536  48.7065 13.15533719573970
ASNARO                  
1 40298U 14070A   26275.95538719  .00002857  00000+0  13737-3 0  9999
2 40298  97.3357 349.1112 0006053 143.1440 217.0212 15.19585738660370
YAOGAN-24               
1 40310U 14072A   26275.92706995 -.00000026  00000+0  39976-5 0  9998
2 40310  98.1654  54.2639 0013171 281.2462  78.7266 14.76196024639611
CBERS 4                 
1 40336U 14079A   26275.93519037 -.00000130  00000+0 -30476-4 0  9995
2 40336  98.3408 329.3202 0001943  78.1040 282.0364 14.35515969619412
YAOGAN-26               
1 40362U 14088A   26275.98848962  .00015105  00000+0  25764-3 0  9990
2 40362  97.0727 274.0237 0003932  45.7054 314.4521 15.51425282654398
SMAP                    
1 40376U 15003A   26275.97745011  .00000189  00000+0  45579-4 0  9996
2 40376  98.1316 281.5661 0001431  88.5986 271.5380 14.63380671623389
KOMPSAT-3A              
1 40536U 15014A   26275.97124718  .00018941  00000+0  22793-3 0  9998
2 40536  97.6946 275.7199 0050555 139.0326 221.4746 15.59284345638587
SENTINEL-2A             
1 40697U 15028A   26275.97689675 -.00000039  00000+0  16597-5 0  9996
2 40697  98.5647 349.2578 0001072  87.0658 273.0648 14.30818869589144
GAOFEN-8                
1 40701U 15030A   26275.92474435  .00016592  00000+0  30187-3 0  9995
2 40701  97.6827 116.0471 0008524 154.0574 206.1106 15.49560357628117
CARBONITE 1 (CBNT-1)    
1 40718U 15032D   26275.95011846  .00000282  00000+0  40141-4 0  9992
2 40718  97.6575  89.5784 0013313 304.7643  55.2317 14.83857873605323
YAOGAN-27               
1 40878U 15040A   26275.97783500 -.00000258  00000+0 -56828-3 0  9996
2 40878 100.1304 257.7371 0008016 330.9457  29.1210 13.16074786531845
GAOFEN-9 01             
1 40894U 15047A   26275.95304751  .00000419  00000+0  57348-4 0  9992
2 40894  97.6196 306.7168 0028142 143.8581 216.4542 14.83039978596166
YAOGAN-28               
1 41026U 15064A   26275.98097797  .00004975  00000+0  18099-3 0  9991
2 41026  97.3228  52.2444 0010732 161.6182 198.5448 15.28641605607140
YAOGAN-29               
1 41038U 15069A   26275.98914296  .00000458  00000+0  62760-4 0  9998
2 41038  97.9969 304.7611 0002665  61.0576 299.0904 14.83154437586601
KENT RIDGE 1            
1 41167U 15077B   26275.93300782  .00002843  00000+0  84018-4 0  9994
2 41167  14.9788 184.3407 0008226 319.6268  40.3443 15.23677259597554
GAOFEN-4                
1 41194U 15083A   26275.91440649 -.00000343  00000+0  00000+0 0  9994
2 41194   0.6276  83.0038 0003478 143.4286 220.1066  1.00273252 39612
JASON-3                 
1 41240U 16002A   26275.96389972 -.00000048  00000+0  55539-4 0  9998
2 41240  66.0396 259.2422 0008574 267.5451  92.4586 12.87627929501129
SENTINEL-3A             
1 41335U 16011A   26275.93603320  .00000031  00000+0  30837-4 0  9991
2 41335  98.6257 341.7612 0001260 105.0749 255.0571 14.26737965553428
ZIYUAN 3-02 (ZY 3-02)   
1 41556U 16033A   26275.92833941  .00002796  00000+0  12756-3 0  9992
2 41556  97.3744 349.5737 0011459 282.9826  77.0131 15.21387942574368
CARTOSAT-2C             
1 41599U 16040A   26275.94596949  .00001666  00000+0  82199-4 0  9997
2 41599  97.4362 334.3660 0010052 114.9238 245.3043 15.19246587570070
SKYSAT-C1               
1 41601U 16040C   26275.82669769  .00005381  00000+0  14676-3 0  9991
2 41601  96.9499 301.7860 0002763  39.9433 320.2015 15.37833744574402
LAPAN-A3                
1 41603U 16040E   26275.92986177  .00002161  00000+0  68582-4 0  9998
2 41603  97.1583 268.6341 0009919 359.5549   0.5683 15.33687112571324
GAOFEN-3                
1 41727U 16049A   26275.96646104 -.00000182  00000+0 -42196-4 0  9997
2 41727  98.4057 282.1451 0001147 103.0323 257.0995 14.42210045534185
SKYSAT-C4               
1 41771U 16058B   26275.94062042  .00011674  00000+0  19790-3 0  9996
2 41771  96.9165 293.4156 0002270 159.6374 200.4971 15.51657105562163
SKYSAT-C5               
1 41772U 16058C   26275.91879037  .00004233  00000+0  12940-3 0  9997
2 41772  97.0373 311.6385 0000857 174.0678 186.0576 15.34375202560266
SKYSAT-C2               
1 41773U 16058D   26275.83573089  .00007501  00000+0  16529-3 0  9995
2 41773  97.0140 294.0221 0003951  48.9721 311.1870 15.44193012561658
SKYSAT-C3               
1 41774U 16058E   26275.82175825  .00017274  00000+0  24149-3 0  9996
2 41774  96.8932 302.8088 0001442 104.0442 256.0975 15.56892365562835
ALSAT-1B                
1 41785U 16059C   26275.95946758 -.00000109  00000+0 -97728-5 0  9990
2 41785  97.7797 280.0962 0007935 235.4310 124.6150 14.72339855536439
PATHFINDER 1            
1 41787U 16059E   26275.78333603  .00000276  00000+0  56393-4 0  9997
2 41787  97.8246 270.2498 0027359 221.1216 138.7928 14.67770167535498
SCATSAT 1               
1 41790U 16059H   26275.93999155  .00000540  00000+0  77754-4 0  9996
2 41790  98.1077 340.7645 0053122 260.3643  99.1564 14.79727683117525
GOKTURK 1A              
1 41875U 16073A   26275.98210534  .00000325  00000+0  72924-4 0  9993
2 41875  98.1508 169.1402 0001447  72.0614 288.0745 14.62758408524580
RESOURCESAT-2A          
1 41877U 16074A   26275.89652860  .00000212  00000+0  11695-3 0  9990
2 41877  98.7434 348.4692 0003110 116.8978 243.2518 14.21616839509601
CARTOSAT-2D             
1 41948U 17008A   26275.91068347  .00001233  00000+0  61603-4 0  9990
2 41948  97.3983 333.1291 0003937 214.5943 145.5037 15.19297319533934
SENTINEL-2B             
1 42063U 17013A   26275.89981530  .00000015  00000+0  22443-4 0  9996
2 42063  98.5693 349.1267 0001141  87.0684 273.0630 14.30817539500040
CARTOSAT-2E             
1 42767U 17036C   26275.92908274  .00001087  00000+0  54818-4 0  9991
2 42767  97.4152 333.8795 0002289 316.6001  43.5053 15.19236612514503
FORMOSAT-5              
1 42920U 17049A   26275.91120658  .00000035  00000+0  19988-4 0  9998
2 42920  98.2167 348.7784 0012658 110.3676 249.8881 14.50911816482290
SENTINEL-5P             
1 42969U 17064A   26275.55147266  .00000018  00000+0  29531-4 0  9998
2 42969  98.8013 216.9517 0000999  76.5508 283.5780 14.19533770464793
SKYSAT-C11              
1 42987U 17068A   26275.90021155  .00031100  00000+0  33335-3 0  9991
2 42987  97.4478  69.9826 0000117  49.8190 310.3079 15.63780617500047
SKYSAT-C10              
1 42988U 17068B   26275.68781010  .00005926  00000+0  16970-3 0  9993
2 42988  97.4656  53.8204 0001191  91.5546 268.5834 15.36322402498852
SKYSAT-C9               
1 42989U 17068C   26275.64922438  .00008795  00000+0  19521-3 0  9993
2 42989  97.4574  55.7968 0008951 106.6467 253.5764 15.43921266499321
SKYSAT-C8               
1 42990U 17068D   26275.68545915  .00006602  00000+0  17412-3 0  9992
2 42990  97.4671  54.0415 0001346  86.2676 273.8723 15.38836152498834
SKYSAT-C7               
1 42991U 17068E   26275.35763298  .00006703  00000+0  17694-3 0  9997
2 42991  97.4685  54.7051 0006868  84.9027 275.3001 15.38784696498844
SKYSAT-C6               
1 42992U 17068F   26275.83342392  .00005660  00000+0  17413-3 0  9999
2 42992  97.4726  54.5992 0001487 110.9867 249.1535 15.34078009498826
CARTOSAT-2F             
1 43111U 18004A   26275.89731211  .00002004  00000+0  98318-4 0  9995
2 43111  97.4665 334.4049 0000638 187.3355 172.7870 15.19253371483683
GAOFEN-1 02             
1 43259U 18031A   26275.98613587 -.00000283  00000+0 -33301-4 0  9993
2 43259  98.0408 338.1430 0003480  43.8399 316.3086 14.76446933458604
GAOFEN-1 03             
1 43260U 18031B   26275.96426956  .00000296  00000+0  49965-4 0  9990
2 43260  98.0403 337.9671 0004075  86.5801 273.5875 14.76463275458594
GAOFEN-1 04             
1 43262U 18031D   26275.93999370  .00000384  00000+0  62625-4 0  9990
2 43262  98.0410 338.1477 0002505  80.6954 279.4538 14.76457965458580
SENTINEL-3B             
1 43437U 18039A   26275.90915547  .00000038  00000+0  33912-4 0  9996
2 43437  98.6253 341.8838 0001041  67.6632 292.4659 14.26735944439487
GAOFEN-5 01             
1 43461U 18043A   26275.88644584  .00000180  00000+0  47069-4 0  9991
2 43461  98.4721 249.8149 0002944  98.2971 261.8563 14.60665674447419
GAOFEN-6                
1 43484U 18048A   26275.96443178  .00000163  00000+0  30897-4 0  9998
2 43484  98.0852 338.8075 0010629 177.0416 183.0858 14.76453643449299
GAOFEN-11 01            
1 43585U 18063A   26275.96881365  .00005995  00000+0  80871-4 0  9996
2 43585  97.1168 342.6889 0001946 303.7931  56.3140 15.58178338457111
ICESAT-2                
1 43613U 18070A   26275.93351043  .00001528  00000+0  55303-4 0  9998
2 43613  91.9996 320.0661 0005711  74.7480 285.4400 15.28292849448913
HYSIS                   
1 43719U 18096A   26275.94259993  .00000355  00000+0  55504-4 0  9995
2 43719  97.9729 341.7807 0001737 108.9257 251.2143 14.78672945423346
KAZSTSAT                
1 43783U 18099AB  26275.83352077  .00001338  00000+0  11172-3 0  9998
2 43783  97.4237 302.8585 0014030  51.5221 308.7259 15.00076604427448
SAUDISAT 5A             
1 43831U 18102A   26275.98498809  .00003244  00000+0  11780-3 0  9990
2 43831  97.2943 335.4832 0011016 108.9686 251.2749 15.28961847432145
SAUDISAT 5B             
1 43833U 18102C   26275.98746006  .00003055  00000+0  11034-3 0  9999
2 43833  97.3058 338.7509 0011715 111.0233 249.2262 15.29172587432267
GAOFEN-10R              
1 44622U 19066A   26275.96624584  .00000588  00000+0  78778-4 0  9997
2 44622  98.0630 230.4005 0006467 134.0176 226.1571 14.83193180378353
CARTOSAT-3              
1 44804U 19081A   26275.91018858  .00001577  00000+0  77840-4 0  9990
2 44804  97.4181 335.9685 0012649 133.8580 226.3703 15.19291367379827
GAOFEN-12 01            
1 44819U 19082A   26275.94731911  .00000186  00000+0  30960-4 0  9999
2 44819  97.8155 279.5130 0002282  72.5714 287.5748 14.80528100370033
CSG-1                   
1 44873U 19092A   26275.93326856  .00000155  00000+0  26089-4 0  9990
2 44873  97.8914  98.0085 0001389  86.6146 273.5226 14.82153265367435
NEMO-HD                 
1 46277U 20061F   26275.92698843  .00006822  00000+0  13933-3 0  9995
2 46277  97.1793 336.8638 0001911  70.9416 289.2041 15.46488275338628
SENTINEL-6A             
1 46984U 20086A   26275.67412691 -.00000042  00000+0  80773-4 0  9990
2 46984  66.0392 271.7984 0007911 269.1438  90.8671 12.80929972274090
CAS500-1                
1 47932U 21022A   26275.94960794  .00003271  00000+0  15432-3 0  9992
2 47932  97.3737 168.9220 0003416 268.5328  91.5516 15.20153744307132
GAOFEN-12 02            
1 48079U 21026A   26275.96995541  .00000178  00000+0  30248-4 0  9995
2 48079  98.0007 273.7580 0003525 237.4551 122.6320 14.80364279297703
PLEIADES NEO 3          
1 48268U 21034A   26275.96743611  .00000137  00000+0  23991-4 0  9995
2 48268  97.8946 349.1846 0001362  87.8152 272.3217 14.81672974293615
PLEIADES NEO 4          
1 49070U 21073E   26275.93365763 -.00000489  00000+0 -55511-4 0  9990
2 49070  97.8948 349.1477 0001352  87.5933 272.5435 14.81671922277328
LANDSAT 9               
1 49260U 21088A   26275.93952929  .00000148  00000+0  42832-4 0  9995
2 49260  98.2177 344.7526 0001444  90.1319 270.0045 14.57105897266698
CSG-2                   
1 51444U 22008A   26275.96699293 -.00000070  00000+0 -22009-5 0  9991
2 51444  97.8913  98.0336 0001419  81.9253 278.2121 14.82149388252559
GAOFEN-12 03            
1 52912U 22069A   26275.94892108  .00000103  00000+0  20210-4 0  9993
2 52912  97.8092 161.0134 0001881 105.5215 254.6205 14.80170230230554
SWOT                    
1 54754U 22173A   26275.95557847  .00000075  00000+0  52527-4 0  9998
2 54754  77.6081 249.8253 0000251 148.4768 211.6399 14.00172948194231
GAOFEN-12 04            
1 57654U 23123A   26275.91658639  .00000499  00000+0  72922-4 0  9994
2 57654  97.9077 192.2869 0003593 112.9895 247.1697 14.79888267168562
PARS 1                  
1 59065U 24039Q   26275.96444811  .00008011  00000+0  15624-3 0  9992
2 59065  97.4952 260.5201 0011076  85.3915 274.8600 15.47734808145302
RESURS-P 4              
1 59371U 24061A   26275.94153626  .00001909  00000+0  62954-4 0  9994
2 59371  97.2858 222.0563 0002531 117.0142 243.1359 15.32661743140261
LEGION 1                
1 59625U 24081A   26275.94286639  .00001919  00000+0  99681-4 0  9997
2 59625  97.4936 352.6455 0009116   3.8398 356.2904 15.17280917133877
LEGION 2                
1 59626U 24081B   26275.90818450  .00001895  00000+0  98483-4 0  9998
2 59626  97.4936 352.7062 0010397 328.8710  31.1907 15.17263407133871
ALOS-4 (DAICHI-4)       
1 60182U 24123A   26275.89763840  .00000704  00000+0  10114-3 0  9996
2 60182  97.9224  11.5222 0001450  98.5950 261.5426 14.79476082121807
LEGION 3                
1 60452U 24146A   26275.81383229  .00001887  00000+0  11129-3 0  9992
2 60452  45.0020 173.5099 0006634  95.4205 264.7430 15.15607400118351
LEGION 4                
1 60453U 24146B   26275.94455105  .00001901  00000+0  11193-3 0  9998
2 60453  45.0024 264.6679 0008226 198.7468 161.3108 15.15639562117222
SENTINEL-2C             
1 60989U 24157A   26275.93480277  .00000043  00000+0  32999-4 0  9995
2 60989  98.5704 349.1669 0001153  82.1619 277.9695 14.30816949108393
IONOSFERA-M 1           
1 61735U 24199A   26275.93246917  .00000020  00000+0  28353-4 0  9996
2 61735  98.6982 147.8769 0001292 133.0229 227.1058 14.22770722143021
IONOSFERA-M 2           
1 61736U 24199B   26275.89619480  .00000021  00000+0  29114-4 0  9998
2 61736  98.6981 147.7508 0001612  52.2586 307.8738 14.22774084146147
PRSC-EO1                
1 62725U 25012A   26275.92718123  .00003676  00000+0  18610-3 0  9997
2 62725  97.4125 346.2126 0003405 248.1814 111.9058 15.17618147 94533
BIOMASS                 
1 63772U 25090A   26275.42609420  .00000631  00000+0  11983-3 0  9994
2 63772  98.0756 101.2063 0001393  83.7497 276.3867 14.67534442 76416
GOSAT-GW (IBUKI GW)     
1 64694U 25141A   26275.91689574  .00000321  00000+0  65009-4 0  9992
2 64694  98.0620 211.4985 0001443  85.0364 275.1005 14.67553423 67647
IONOSFERA-M 3           
1 64876U 25155A   26275.93997627  .00000031  00000+0  33815-4 0  9990
2 64876  98.6170 235.1977 0000172 291.9035  68.2124 14.21501618 61714
IONOSFERA-M 4           
1 64877U 25155B   26275.90424166  .00000033  00000+0  34633-4 0  9992
2 64877  98.6174 235.0792 0000480  95.1210 265.0023 14.21504229 61709
MICROCARB               
1 64899U 25156A   26275.49034773  .00000243  00000+0  45851-4 0  9999
2 64899  98.0081 351.0612 0016394 282.3054  77.6318 14.72859100 63760
CO3D 3                  
1 64900U 25156B   26275.93953352  .00002240  00000+0  10655-3 0  9996
2 64900  97.4343 353.0837 0001553 107.2573 252.8832 15.20207736 65902
CO3D 4                  
1 64901U 25156C   26275.87385246  .00002294  00000+0  10904-3 0  9997
2 64901  97.4340 353.0188 0000347 351.0479   9.0750 15.20213911 65894
CO3D 2                  
1 64902U 25156D   26275.90634186  .00002252  00000+0  10713-3 0  9994
2 64902  97.4342 352.9498 0001560  85.5817 274.5597 15.20199210 65895
CO3D 1                  
1 64903U 25156E   26275.90649373  .00000711  00000+0  35986-4 0  9997
2 64903  97.4343 352.9498 0001227  96.4684 263.6691 15.20194993 65897
PRSC-S1                 
1 65055U 25164A   26275.63925102  .00002506  00000+0  17539-3 0  9999
2 65055  41.1311  42.2946 0006810 352.9714   7.1004 15.07163765 64640
SENTINEL-6B             
1 66514U 25264A   26275.67447870 -.00000044  00000+0  72361-4 0  9997
2 66514  66.0392 271.9238 0007866 267.9875  92.0239 12.80929807 40930
CAS500-3                
1 66655U 25274F   26275.51514516  .00000620  00000+0  72776-4 0  9998
2 66655  97.7444 201.1088 0002961 228.2445 131.8519 14.88353090 46111
CSG-3                   
1 67304U 26001A   26275.74338184  .00000139  00000+0  24010-4 0  9992
2 67304  97.8914  97.8202 0001393  89.7137 270.4236 14.82149943 40394
PRSC-E03                
1 68835U 26092A   26275.93511863  .00001457  00000+0  10237-3 0  9999
2 68835  38.0005 174.0785 0003670 174.7977 185.2823 15.07117356 24212
CAS500-2                
1 69013U 26100AK  26275.95478467  .00003505  00000+0  16382-3 0  9995
2 69013  97.3734 171.5798 0009659  10.4851 349.6584 15.20394922 23180
