GPS BIIR-08             
1 27663U 03005A   26282.79967682 -.00000024  00000+0  00000+0 0  9991
2 27663  54.8626 210.4197 0151640  53.9444 319.6621  2.00554343173619
GPS BIIR-11             
1 28190U 04009A   26282.10977843 -.00000037  00000+0  00000+0 0  9991
2 28190  54.7432 271.0737 0118439 177.1965 213.2580  2.00572696165231
GPS BIIR-13             
1 28474U 04045A   26282.48121743 -.00000071  00000+0  00000+0 0  9995
2 28474  55.0621 320.2837 0173231 319.3645  42.3134  2.00560824160729
GPS BIIR-14M            
1 28874U 05038A   26282.09942881 -.00000037  00000+0  00000+0 0  9995
2 28874  54.7938 268.5702 0128629 298.2002 113.2394  2.00557825154128
METEOSAT-9 (MSG-2)      
1 28912U 05049B   26281.96095569  .00000117  00000+0  00000+0 0  9995
2 28912   9.6163  53.0147 0001609   0.6067 355.6073  1.00273438  8133
GPS BIIR-16M            
1 29601U 06052A   26282.09552473 -.00000031  00000+0  00000+0 0  9999
2 29601  54.9181 209.4953 0086248  91.1819 269.8022  2.00564351145697
GPS BIIR-17M            
1 32260U 07047A   26282.40351127 -.00000011  00000+0  00000+0 0  9995
2 32260  54.1876  75.3623 0168247  89.8902 272.0436  2.00574922139105
GPS BIIR-18M            
1 32384U 07062A   26282.46365782 -.00000038  00000+0  00000+0 0  9996
2 32384  54.9488 269.5487 0035802 170.3392   3.2102  2.00566247137803
GOES 14                 
1 35491U 09033A   26282.89183354  .00000036  00000+0  00000+0 0  9995
2 35491   1.9805  81.4109 0002125 115.9133 207.2431  1.00071623  7739
GOES 15                 
1 36411U 10008A   26282.93581762  .00000013  00000+0  00000+0 0  9997
2 36411   1.5880  81.7160 0004653  92.6957 244.3889  1.00273547 60786
GSAT0101 (GALILEO-PFM)  
1 37846U 11060A   26279.88616510 -.00000087  00000+0  00000+0 0  9991
2 37846  56.9485 338.7301 0000992 301.1308  58.9219  1.70475565 93026
GSAT0102 (GALILEO-FM2)  
1 37847U 11060B   26279.22101426 -.00000086  00000+0  00000+0 0  9994
2 37847  56.9495 338.7487 0002411 313.5659  44.0056  1.70475892 93014
LUCH 5A                 
1 37951U 11074B   26282.69773056 -.00000051  00000+0  00000+0 0  9996
2 37951   9.0393  72.1024 0004411 142.6376 221.9148  1.00275372 54201
METEOSAT-10 (MSG-3)     
1 38552U 12035B   26282.73595072 -.00000011  00000+0  00000+0 0  9993
2 38552   4.9396  60.3713 0000782 139.1737  83.9546  1.00275624 52003
SARSAT 13 (METOP-B)     
1 38771U 12049A   26282.92594602  .00000073  00000+0  53014-4 0  9995
2 38771  98.6372 332.0627 0002699  39.6437 320.4937 14.21463655729568
GPS BIIF-3              
1 38833U 12053A   26281.99234945  .00000056  00000+0  00000+0 0  9999
2 38833  53.6022 138.9322 0186984  67.9214 294.1540  2.00557332101721
GSAT0103 (GALILEO-FM3)  
1 38857U 12055A   26279.92730821  .00000047  00000+0  00000+0 0  9991
2 38857  55.8790  98.4777 0001486 303.9490  56.0908  1.70473331 86917
GPS BIIF-4              
1 39166U 13023A   26282.85622865 -.00000039  00000+0  00000+0 0  9997
2 39166  54.4238 264.2937 0143413  51.2072 310.0431  2.00563306 98182
INSAT-3D                
1 39216U 13038B   26282.90408479 -.00000346  00000+0  00000+0 0  9999
2 39216   2.2162  80.9578 0001780 133.4950 259.0654  1.00270395 48239
GPS BIIF-5              
1 39533U 14008A   26282.35888946  .00000052  00000+0  00000+0 0  9992
2 39533  53.6671 144.6587 0083581 231.5325 127.8117  2.00567212 91972
LUCH 5V                 
1 39727U 14023A   26282.96851495 -.00000274  00000+0  00000+0 0  9997
2 39727   5.4156  68.4877 0002946 167.3584 226.1765  1.00270632 45511
GPS BIIF-6              
1 39741U 14026A   26282.14123572 -.00000074  00000+0  00000+0 0  9992
2 39741  56.4344 327.0748 0040212 324.0065  35.7880  2.00552817 90822
GPS BIIF-7              
1 40105U 14045A   26281.73059342  .00000018  00000+0  00000+0 0  9993
2 40105  55.4363  83.9434 0036664 120.8619 239.5208  2.00565660 88354
GSAT0201 (GALILEO 5)    
1 40128U 14050A   26261.66135895  .00000005  00000+0  00000+0 0  9998
2 40128  48.7780 269.5934 1687123 183.0003 175.8597  1.85519745 80052
GSAT0202 (GALILEO 6)    
1 40129U 14050B   26282.39792663 -.00000055  00000+0  00000+0 0  9990
2 40129  48.7734 267.8271 1691477 184.4880 173.7736  1.85520189 82601
GPS BIIF-8              
1 40294U 14068A   26282.59988833 -.00000102  00000+0  00000+0 0  9993
2 40294  57.0601  26.5578 0066567  73.9891 286.7473  2.00558458 87504
GLONASS-K 2             
1 40315U 14075A   26281.86150727 -.00000001  00000+0  00000+0 0  9995
2 40315  63.6151 186.4401 0021705 208.4619 151.4637  2.13101205 92278
GPS BIIF-9              
1 40534U 15013A   26282.73318832 -.00000015  00000+0  00000+0 0  9996
2 40534  53.1523 199.4440 0114362  41.7495 319.1359  2.00569236 84124
GSAT0203 (GALILEO 7)    
1 40544U 15017A   26273.79769036 -.00000072  00000+0  00000+0 0  9996
2 40544  56.7433 338.7158 0005862 259.5183 100.4835  1.70476060 71006
GSAT0204 (GALILEO 8)    
1 40545U 15017B   26258.80260670 -.00000102  00000+0  00000+0 0  9996
2 40545  56.7566 339.1450 0004699 240.9831 119.0222  1.70476021 33792
GPS BIIF-10             
1 40730U 15033A   26282.89960415 -.00000040  00000+0  00000+0 0  9991
2 40730  53.9024 262.3488 0118573  30.8265 329.8386  2.00550166 82296
METEOSAT-11 (MSG-4)     
1 40732U 15034A   26280.67086525  .00000053  00000+0  00000+0 0  9992
2 40732   3.4780  70.2824 0000462 107.3282  89.8651  1.00280226  8341
GSAT0206 (GALILEO 10)   
1 40890U 15045B   26259.96432677  .00000017  00000+0  00000+0 0  9990
2 40890  54.9240 219.0714 0002624 353.2075   6.7586  1.70473245 68605
GPS BIIF-11             
1 41019U 15062A   26282.45091654 -.00000102  00000+0  00000+0 0  9995
2 41019  57.0306  26.4197 0117310 231.4643 127.4880  2.00566874 80122
ELEKTRO-L 2             
1 41105U 15074A   26282.73300404 -.00000123  00000+0  00000+0 0  9994
2 41105   6.9770  69.0706 0002482 199.5780 359.0522  1.00270715 39657
GSAT0209 (GALILEO 12)   
1 41174U 15079A   26281.83657187  .00000039  00000+0  00000+0 0  9993
2 41174  55.9020  98.1432 0003114  23.9378 336.1227  1.70474029 66716
GSAT0208 (GALILEO 11)   
1 41175U 15079B   26279.12407606  .00000047  00000+0  00000+0 0  9991
2 41175  55.8986  98.2141 0003028  33.1427 326.9304  1.70473793 67088
GPS BIIF-12             
1 41328U 16007A   26282.53876242  .00000012  00000+0  00000+0 0  9990
2 41328  55.6040  84.9275 0098486 247.3385 111.6350  2.00571416 78134
GSAT0211 (GALILEO 14)   
1 41549U 16030A   26281.59377709 -.00000031  00000+0  00000+0 0  9992
2 41549  55.0672 218.5784 0003859 346.5414  13.4174  1.70472926 64601
GSAT0210 (GALILEO 13)   
1 41550U 16030B   26271.29228827  .00000016  00000+0  00000+0 0  9998
2 41550  55.0701 218.8591 0003477 255.7665 104.1654  1.70473469 64424
INSAT-3DR               
1 41752U 16054A   26282.89316475 -.00000086  00000+0  00000+0 0  9991
2 41752   0.0989  85.9732 0012444 179.3076 148.7704  1.00271541 36965
GSAT0207 (GALILEO 15)   
1 41859U 16069A   26262.77251085  .00000026  00000+0  00000+0 0  9998
2 41859  55.5593  98.4673 0002817   1.3542 358.7215  1.70473989 61018
GSAT0212 (GALILEO 16)   
1 41860U 16069B   26281.39649569  .00000040  00000+0  00000+0 0  9993
2 41860  55.5717  97.9472 0003618  47.2095 312.8690  1.70474125 61584
GSAT0213 (GALILEO 17)   
1 41861U 16069C   26258.30017772  .00000003  00000+0  00000+0 0  9993
2 41861  55.5571  98.5941 0002003 331.4312  28.6313  1.70474479 61056
GSAT0214 (GALILEO 18)   
1 41862U 16069D   26264.89902317  .00000042  00000+0  00000+0 0  9996
2 41862  55.5585  98.4041 0001465   3.2419 356.8418  1.70474219 61295
GOES 16                 
1 41866U 16071A   26282.50131661 -.00000101  00000+0  00000+0 0  9994
2 41866   0.6194  83.9495 0002123 149.2610 220.6934  1.00271437 36253
GSAT-17                 
1 42815U 17040B   26282.32679962 -.00000269  00000+0  00000+0 0  9992
2 42815   0.0710  83.5313 0005406 167.5460 338.0220  1.00270183 33935
GSAT0215 (GALILEO 19)   
1 43055U 17079A   26280.05267978 -.00000031  00000+0  00000+0 0  9996
2 43055  55.0457 218.4310 0002734 292.2124  67.7284  1.70473698 54897
GSAT0216 (GALILEO 20)   
1 43056U 17079B   26261.57308713  .00000017  00000+0  00000+0 0  9999
2 43056  55.0525 218.9384 0004502 291.2688  68.6565  1.70474060 54592
GSAT0217 (GALILEO 21)   
1 43057U 17079C   26265.89999000  .00000011  00000+0  00000+0 0  9998
2 43057  55.0493 218.8172 0003908 307.6838  52.2454  1.70473918 54653
GSAT0218 (GALILEO 22)   
1 43058U 17079D   26282.54443112 -.00000027  00000+0  00000+0 0  9996
2 43058  55.0435 218.3580 0004382 291.9914  67.9347  1.70473825 54960
GOES 17                 
1 43226U 18022A   26282.93199159 -.00000191  00000+0  00000+0 0  9996
2 43226   1.2274  83.7608 0001035 157.4260  23.4020  1.00272175 31573
GSAT0221 (GALILEO 25)   
1 43564U 18060A   26265.43785046 -.00000078  00000+0  00000+0 0  9999
2 43564  57.1298 339.1540 0004899 270.7276  89.2757  1.70476363 50811
GSAT0222 (GALILEO 26)   
1 43565U 18060B   26276.21615640 -.00000079  00000+0  00000+0 0  9991
2 43565  57.1287 338.8658 0005461 248.8761 111.1275  1.70475516 51053
GSAT0219 (GALILEO 23)   
1 43566U 18060C   26282.30274786 -.00000090  00000+0  00000+0 0  9994
2 43566  57.1256 338.7020 0004381 275.7605  84.2563  1.70476153 51135
GSAT0220 (GALILEO 24)   
1 43567U 18060D   26259.06046683 -.00000101  00000+0  00000+0 0  9998
2 43567  57.1352 339.3320 0003721 269.4250  90.5848  1.70476412 50724
BEIDOU-3 M13            
1 43622U 18072A   26281.83337521 -.00000045  00000+0  00000+0 0  9994
2 43622  56.7290  58.9172 0004111 318.8623  41.0943  1.86230750 54774
BEIDOU-3 M14            
1 43623U 18072B   26282.23574508 -.00000048  00000+0  00000+0 0  9991
2 43623  56.7313  58.8984 0003118  20.6407 339.3579  1.86230731 54772
GPS BIII-1              
1 43873U 18109A   26282.92745763  .00000014  00000+0  00000+0 0  9990
2 43873  55.7613  87.6612 0040733 196.3665 335.7683  2.00565924 57377
METEOR-M2 2             
1 44387U 19038A   26282.95560598 -.00000043  00000+0  14171-5 0  9990
2 44387  98.9270 272.0038 0002210  63.1721 296.9683 14.24390818377639
GPS BIII-2              
1 44506U 19056A   26282.55800588 -.00000077  00000+0  00000+0 0  9992
2 44506  55.5734 326.5901 0066466 200.8442 330.7054  2.00571924 52362
BEIDOU-3 M24            
1 44542U 19061A   26266.50572373 -.00000008  00000+0  00000+0 0  9997
2 44542  54.4306 179.4090 0020747  95.6918 264.5686  1.86175926 47622
BEIDOU-3 M23            
1 44543U 19061B   26281.29912688 -.00000003  00000+0  00000+0 0  9993
2 44543  54.3900 178.8833 0006204  11.9955  97.4972  1.86227531 47906
BEIDOU-3 M22            
1 44793U 19078A   26281.38118502 -.00000046  00000+0  00000+0 0  9998
2 44793  53.8311 295.8334 0004965  38.0388 322.0286  1.86226973 46757
BEIDOU-3 M21            
1 44794U 19078B   26282.05776417 -.00000051  00000+0  00000+0 0  9995
2 44794  53.8036 295.7683 0002890  25.7530 334.2906  1.86227521 46771
ELEKTRO-L 3             
1 44903U 19095A   26282.59191008 -.00000188  00000+0  00000+0 0  9993
2 44903   0.0514 281.3302 0003062 236.7228  66.5229  0.99421243 24855
GPS BIII-3              
1 45854U 20041A   26282.48221282 -.00000104  00000+0  00000+0 0  9996
2 45854  56.7380  24.5183 0069027 206.7823 204.2963  2.00572943 46336
COSMOS 2547             
1 46805U 20075A   26282.44513191  .00000003  00000+0  00000+0 0  9996
2 46805  64.5991 188.6660 0007785 233.1226 126.8493  2.13099639 46342
GPS BIII-4              
1 46826U 20078A   26282.07360277 -.00000029  00000+0  00000+0 0  9995
2 46826  53.9622 206.1641 0076624 208.4544 246.6747  2.00564975 43794
GSAT0223 (GALILEO 27)   
1 49809U 21116A   26282.47953929 -.00000090  00000+0  00000+0 0  9997
2 49809  57.1137 338.5853 0004413 232.0512 191.7020  1.70476180 30139
GSAT0224 (GALILEO 28)   
1 49810U 21116B   26282.18447627 -.00000090  00000+0  00000+0 0  9990
2 49810  57.1146 338.5922 0003645 231.2803 124.0376  1.70476216 30142
GOES 18                 
1 51850U 22021A   26282.63749696  .00000086  00000+0  00000+0 0  9998
2 51850   0.0185  24.8949 0000511 247.2881 198.5929  1.00273195  7749
COSMOS 2557 (706K)      
1 52984U 22075A   26282.60836941 -.00000032  00000+0  00000+0 0  9995
2 52984  64.2258 310.4466 0013035 270.4044  89.5058  2.13101932 33153
METEOSAT-12 (MTG-I1)    
1 54743U 22170C   26282.87843134 -.00000015  00000+0  00000+0 0  9998
2 54743   0.7611  23.2466 0003166  92.3846 218.8170  1.00276051 14128
METEOR-M2 3             
1 57166U 23091A   26282.97698147 -.00000011  00000+0  13764-4 0  9998
2 57166  98.5956 335.5300 0003863 180.1927 179.9251 14.24053762170855
COSMOS 2569 (703K)      
1 57517U 23114A   26282.28321950 -.00000007  00000+0  00000+0 0  9992
2 57517  65.3744  68.7776 0008859 285.8259  74.0716  2.13102564 24696
METEOR-M2 4             
1 59051U 24039A   26282.98112472  .00000000  00000+0  19648-4 0  9993
2 59051  98.7174 240.9117 0006683 189.3332 170.7722 14.22439534135589
GSAT0225 (GALILEO 29)   
1 59598U 24079A   26280.16272074  .00000044  00000+0  00000+0 0  9991
2 59598  55.1949  97.9497 0001819 133.5502  54.1062  1.70474117 15224
GSAT0227 (GALILEO 30)   
1 59600U 24079C   26280.04051393  .00000044  00000+0  00000+0 0  9991
2 59600  55.1898  97.9512 0004335  99.0420 261.0601  1.70474243 15273
GSAT0232 (GALILEO 32)   
1 61182U 24167A   26282.29750090 -.00000028  00000+0  00000+0 0  9999
2 61182  55.1570 218.1860 0004780 234.7516 286.0576  1.70473427 12828
GSAT0226 (GALILEO 31)   
1 61183U 24167B   26282.76539899 -.00000026  00000+0  00000+0 0  9992
2 61183  55.1558 218.1804 0001574 250.0260 289.2727  1.70473445 12809
GSAT0233 (GALILEO 33)   
1 67160U 25302A   26276.46131672  .00000039  00000+0  00000+0 0  9995
2 67160  54.4075  99.0448 0003147 141.5900 225.4748  1.70473982  4979
GSAT0234 (GALILEO 34)   
1 67162U 25302C   26275.56730789  .00000038  00000+0  00000+0 0  9990
2 67162  54.4082  99.0694 0000468  93.1844 265.3020  1.70473970  5002
