HST                     
1 20580U 90037B   26276.71991929  .00004347  00000+0  13013-3 0  9992
2 20580  28.4729  58.1679 0001270 285.6016  74.4440 15.31815463805220
POLAR                   
1 23802U 96013A   26277.41195768  .00000078  00000+0  00000+0 0  9992
2 23802  80.0055 225.7354 6583205 205.3374  97.5023  1.29845628146277
SWAS                    
1 25560U 98071A   26277.78892203  .00001479  00000+0  96775-4 0  9994
2 25560  69.8938 304.7504 0002502  74.9587 285.1854 15.10186160513815
CXO                     
1 25867U 99040B   26280.44530882  .00000766  00000+0  00000+0 0  9999
2 25867  57.7531 113.6796 7663341 309.2362   0.2397  0.37809895 17745
XMM-NEWTON              
1 25989U 99066A   26269.07810877  .00000180  00000+0  00000+0 0  9993
2 25989  63.9616 281.6787 4648581  63.1030   0.1095  0.50121727 23515
TERRA                   
1 25994U 99068A   26277.94078882  .00000209  00000+0  51411-4 0  9997
2 25994  97.9335 323.0711 0001248 210.7827 272.1413 14.61169873425632
TIMED                   
1 26998U 01055B   26277.72495254  .00000750  00000+0  71327-4 0  9992
2 26998  74.0697  14.4279 0001258 226.3229 133.7851 14.95489399347191
CORIOLIS                
1 27640U 03001A   26277.98056599  .00000085  00000+0  60481-4 0  9993
2 27640  98.7171 283.2124 0012909 256.0026 103.9715 14.19970133229803
SORCE                   
1 27651U 03004A   26277.90350025  .00001917  00000+0  14616-3 0  9994
2 27651  39.9924 355.4569 0016246 121.3451 238.8935 15.04190236288425
MOST                    
1 27843U 03031D   26277.95904690  .00000038  00000+0  37583-4 0  9997
2 27843  98.7084 284.1727 0008872 298.9075  61.1212 14.21340754206303
SCISAT 1                
1 27858U 03036A   26277.82206925  .00000301  00000+0  42968-4 0  9996
2 27858  73.9296 313.4926 0007741 340.9525  19.1360 14.81552490247689
SWIFT                   
1 28485U 04047A   26276.72936031  .00194655  00000+0  68711-3 0  9991
2 28485  20.5508  59.0111 0004894  65.2238 294.8721 15.87201512204008
HINODE (SOLAR-B)        
1 29479U 06041A   26277.94121166  .00000345  00000+0  67480-4 0  9996
2 29479  98.0540 292.4805 0016235 302.2093  57.7538 14.68736574 70985
SHIJIAN-6 02A (SJ-6 02A)
1 29505U 06046A   26277.94808242  .00003230  00000+0  16250-3 0  9992
2 29505  97.6259 319.8573 0004514 110.6242 249.5476 15.17956638 88911
SHIJIAN-6 02B (SJ-6 02B)
1 29506U 06046B   26277.97503388  .00000795  00000+0  66002-4 0  9993
2 29506  97.6963 306.2431 0015213  65.4428 294.8380 15.01507620 87213
FGRST (GLAST)           
1 33053U 08029A   26277.95230565  .00002447  00000+0  83465-4 0  9998
2 33053  25.5810 162.0365 0007987 180.4639 179.5893 15.24436202 12455
SDO                     
1 36395U 10005A   26277.11916721 -.00000067  00000+0  00000+0 0  9996
2 36395  34.8784  84.6864 0001797  82.1576 147.3231  1.00273214 61155
CRYOSAT 2               
1 36508U 10013A   26277.94015140  .00000069  00000+0  16421-4 0  9997
2 36508  92.0246 303.9354 0002144  90.8248 269.3205 14.51905286874003
X-SAT                   
1 37389U 11015C   26277.95557354  .00000014  00000+0  23424-4 0  9998
2 37389  98.3670 249.8252 0014643  25.4429 334.7469 14.25232471803313
GCOM-W1 (SHIZUKU)       
1 38337U 12025A   26277.83469175  .00000291  00000+0  74534-4 0  9999
2 38337  98.2101 216.7581 0001623  77.0331 342.2833 14.57112609765009
NUSTAR                  
1 38358U 12031A   26278.00002315  .00009047  00000+0  49196-3 0  9991
2 38358   6.0266 289.8567 0008746 301.0450 109.3946 15.09686468  1301
NEOSSAT                 
1 39089U 13009D   26277.96445140  .00000123  00000+0  57363-4 0  9992
2 39089  98.4227  95.4353 0009845 280.6296  79.3781 14.35858977712496
BRITE-AUSTRIA           
1 39091U 13009F   26277.42076748  .00000088  00000+0  44553-4 0  9997
2 39091  98.4049  94.2036 0009011 274.8655  85.1503 14.36576551712735
IRIS                    
1 39197U 13033A   26277.78927649  .00000589  00000+0  73348-4 0  9995
2 39197  97.9254 116.7123 0023590 323.0695  36.8895 14.86063048716659
HISAKI (SPRINT-A)       
1 39253U 13049A   26277.57038306  .00000111  00000+0  59686-4 0  9995
2 39253  29.7215  23.8907 0136456 183.7077 176.2487 13.55552397646272
CASSIOPE                
1 39265U 13055A   26277.84462714  .00043387 -47973-6  42428-3 0  9994
2 39265  80.9105 292.7756 0264772  50.8435 311.6003 15.32852110684427
STSAT-3                 
1 39422U 13066G   26277.96064659  .00000815  00000+0  64630-4 0  9991
2 39422  97.6365 246.1840 0011023  33.3769 326.8149 15.03251745700699
SWARM B                 
1 39451U 13067A   26277.90008780  .00002099  00000+0  73013-4 0  9992
2 39451  87.7403 308.9915 0002903  79.7959 280.3618 15.29120283700006
SWARM A                 
1 39452U 13067B   26277.92228722  .00010581  00000+0  18098-3 0  9991
2 39452  87.3369  15.4803 0002974 101.2525 258.9070 15.51102380723256
SWARM C                 
1 39453U 13067C   26277.92219184  .00010393  00000+0  17777-3 0  9998
2 39453  87.3370  14.0639 0002980 101.0425 259.1172 15.51100525723216
BRITE-CA1 (TORONTO)     
1 40020U 14033L   26277.82975871  .00000524  00000+0  86441-4 0  9995
2 40020  97.9887  44.8354 0077069 286.1742  73.0994 14.72833123658356
OCO 2                   
1 40059U 14035A   26277.88907078  .00000257  00000+0  67041-4 0  9997
2 40059  98.2101 217.5442 0001389  69.6369 290.4978 14.57101202652023
BRITE-PL2 (HEWELIUSZ)   
1 40119U 14049B   26277.82286576  .00000897  00000+0  87595-4 0  9992
2 40119  97.9188  30.7453 0015228 104.2837 256.0075 14.94907853657827
MMS 1                   
1 40482U 15011A   26278.00002315 -.00001587  00000+0  00000+0 0  9992
2 40482  73.0137 347.5245 8248853 169.8681 340.2645  0.28165703  1353
MMS 2                   
1 40483U 15011B   26278.00002315 -.00001588  00000+0  00000+0 0  9994
2 40483  73.0183 347.5233 8251718 169.8688 340.2403  0.28164953  1362
MMS 3                   
1 40484U 15011C   26278.00002315 -.00001588  00000+0  00000+0 0  9995
2 40484  73.0175 347.5354 8250082 169.8776 340.2146  0.28165275  1349
MMS 4                   
1 40485U 15011D   26278.00002315 -.00001587  00000+0  00000+0 0  9995
2 40485  73.0108 347.5194 8250186 169.8841 340.2069  0.28166978  1363
ASTROSAT                
1 40930U 15052A   26276.73206043  .00001267  00000+0  72206-4 0  9993
2 40930   5.9965  93.9219 0007690 150.5332 209.5230 14.82666798595968
DAMPE                   
1 41173U 15078A   26277.97803762  .00000610  00000+0  22915-4 0  9992
2 41173  97.4609 284.0285 0013372  51.4816 308.7622 15.31012282601340
PISAT                   
1 41784U 16059B   26277.93954808  .00000572  00000+0  10474-3 0  9997
2 41784  97.8261 273.7314 0028084 212.5342 147.4134 14.69148388535859
HXMT (HUIYAN)           
1 42758U 17034A   26277.95575039  .00003047  00000+0  15164-3 0  9991
2 42758  43.0144 291.4402 0030271 123.3141 237.0612 15.19268986514358
FLYING LAPTOP           
1 42831U 17042G   26277.94963716  .00001325  00000+0  10620-3 0  9993
2 42831  97.5030  69.5996 0018870 106.1578 254.1725 15.01656644502922
ZHANGHENG 1-01 (CSES-1) 
1 43194U 18015C   26277.95277499  .00006440  00000+0  29476-3 0  9996
2 43194  97.6971  85.8672 0013030 253.3481 106.6323 15.20805839481321
SALSAT                  
1 46495U 20068K   26277.98394028  .00006664  00000+0  22422-3 0  9997
2 46495  97.8888 287.8743 0007564 278.3234  81.7148 15.31138838332152
IXPE                    
1 49954U 21121A   26278.00002315  .00010450  00000+0  55095-3 0  9990
2 49954   0.2282 206.4218 0006807 303.2664 209.3287 15.11104565  5549
SMILE                   
1 69123U 26109A   26277.06113439  .00000563  00000+0  00000+0 0  9992
2 69123  69.9843 206.2380 8132466 285.3179   5.8931  0.47516434   468
