LEMUR-1                 
1 40044U 14033AL  26278.29700056  .00001283  00000+0  15141-3 0  9995
2 40044  97.8034  65.7879 0049290  77.2569 283.4149 14.85583227661815
LEMUR-2-GREENBERG       
1 42837U 17042N   26278.01489231  .00019204  00000+0  57713-3 0  9992
2 42837  97.3862  98.4409 0007487 340.3089  19.7863 15.34426125505218
LEMUR-2-ANDIS           
1 42838U 17042P   26278.27717674  .00027620  00000+0  71507-3 0  9994
2 42838  97.3695  99.3327 0007097 335.0637  25.0265 15.39005497505361
LEMUR-2-MONSON          
1 42839U 17042Q   26278.01199745  .00013423  00000+0  45410-3 0  9990
2 42839  97.4124  98.2164 0005519 334.6019  25.4950 15.30724174504953
LEMUR-2-FURIAUS         
1 42840U 17042R   26277.94888056  .00019664  00000+0  60779-3 0  9991
2 42840  97.3805  96.0869 0007257  39.0338 321.1427 15.33529180505015
LEMUR-2-PETERG          
1 42841U 17042S   26278.06228674  .00031250  00000+0  82910-3 0  9996
2 42841  97.4000 103.6570 0002724 317.9938  42.1098 15.38247078505300
LEMUR-2-DEMBITZ         
1 42842U 17042T   26277.97341997  .00018584  00000+0  57788-3 0  9990
2 42842  97.3843  99.1944 0005898 356.6187   3.5014 15.33358372505157
LEMUR-2-ZACHARY         
1 42845U 17042W   26278.07533654  .00087997  00000+0  10335-2 0  9998
2 42845  97.3505 112.8600 0002139 340.8645  19.2532 15.61176704506288
LEMUR-2-AMANDA-SVANTE   
1 48269U 21034B   26278.21272677  .00051969  00000+0  12598-2 0  9994
2 48269  97.5675 359.8838 0002898 182.7404 177.3827 15.40893958297967
LEMUR-2-EMBRIONOVIS     
1 56970U 23084AQ  26278.22468427  .00016361  00000+0  41011-3 0  9990
2 56970  97.6431  66.9731 0007001 282.1747  77.8713 15.40111160184602
LEMUR-2-DEVERILL-M-T    
1 57391U 23100F   26278.00567898  .00036521  00000+0  77532-3 0  9992
2 57391  99.4352 348.9321 0005131  28.1688 331.9831 15.44950795178173
LEMUR-2-BASS            
1 58259U 23174D   26278.20090963  .00022024  00000+0  44604-3 0  9990
2 58259  97.3794   4.6825 0007382 127.5647 232.6274 15.46404377162340
LEMUR-2-JK0903EM1407    
1 58336U 23174CJ  26278.22810513  .00038744  00000+0  53380-3 0  9996
2 58336  97.3891  12.2207 0004432  81.3940 278.7818 15.57130148162821
LEMUR-2-MJR092620       
1 58340U 23174CN  26278.20353477  .00024021  00000+0  45127-3 0  9993
2 58340  97.3944  10.5391 0006341  83.4866 276.7107 15.48573007162656
LEMUR-2-NIMBUS2000      
1 58899U 24022A   26278.12888310  .00027609  00000+0  60104-3 0  9992
2 58899  97.3965 129.7842 0009473  81.7977 278.4346 15.44215121149212
LEMUR-2-VALHALLA        
1 58900U 24022B   26278.12697459  .00018191  00000+0  41907-3 0  9993
2 58900  97.3966 129.6151 0010185  78.4512 281.7878 15.42605192149203
LEMUR-2-CAEL            
1 58903U 24022E   26278.09963984  .00020172  00000+0  44112-3 0  9994
2 58903  97.3944 130.7343 0008486  63.9887 296.2234 15.44154273149289
LEMUR-2-JOHNNYTRUONG    
1 59146U 24043BA  26277.89164643  .00064997  00000+0  55234-3 0  9999
2 59146  97.5451  77.1864 0003355 139.3685 220.7828 15.69421128145190
LEMUR-2-TOMATOKECHUP    
1 60471U 24149D   26278.19390264  .00012247  00000+0  32937-3 0  9999
2 60471  97.3731   0.6374 0002142 153.8311 206.3042 15.38029043119060
LEMUR-2-STELLA          
1 60533U 24149BT  26278.20805834  .00012119  00000+0  67400-3 0  9995
2 60533  97.6675   1.2716 0001336  91.3476 268.7908 15.13823954117133
LEMUR-2-MARHISYAM       
1 60536U 24149BW  26278.23620864  .00011176  00000+0  63540-3 0  9992
2 60536  97.6824   1.8441 0003156 106.5198 253.6379 15.13050970117118
LEMUR-2-AHMED-ASRAR     
1 60576U 24149DN  26278.22011228  .00011758  00000+0  63698-3 0  9993
2 60576  97.6955   4.3790 0001550  23.5471 336.5831 15.14769922117210
LEMUR-2-LLOYD           
1 60577U 24149DP  26278.23215223  .00010924  00000+0  65736-3 0  9995
2 60577  97.6683 359.5230 0004758 125.6692 234.4981 15.10999503117000
LEMUR-2-SQUIRRELCOMM    
1 60578U 24149DQ  26278.22748370  .00005568  00000+0  36405-3 0  9998
2 60578  97.6647 358.8307 0006142  48.7242 311.4514 15.08184449116989
LEMUR-2-SIERRINI        
1 60579U 24149DR  26278.20945739  .00011787  00000+0  67219-3 0  9992
2 60579  97.6781   1.4126 0005734 150.0744 210.0816 15.12916883117080
LEMUR-2-WILSON          
1 62694U 25009CP  26278.17005726  .00001883  00000+0  17498-3 0  9997
2 62694  97.6947 354.6817 0004102  51.6240 308.5350 14.95535334 93794
LEMUR-2-STAR-FOX        
1 62696U 25009CR  26278.19687635  .00007170  00000+0  52658-3 0  9998
2 62696  97.6853 359.0481 0003074  95.6661 264.4915 15.03754118 94083
LEMUR-2-ARIANNA         
1 62699U 25009CU  26278.19479178  .00006572  00000+0  48309-3 0  9995
2 62699  97.6792 358.7362 0003262 104.1607 255.9981 15.03750578 94081
LEMUR-2-ALISIA          
1 62706U 25009DB  26278.21519301  .00007121  00000+0  51781-3 0  9999
2 62706  97.6899 359.7140 0002322 177.4809 182.6429 15.04133443116698
LEMUR-2-ROUNDTRIPPER    
1 62711U 25009DG  26278.22745230  .00007932  00000+0  55877-3 0  9998
2 62711  97.7188   0.8263 0005033 120.4490 239.7234 15.05281187 94178
LEMUR-2-MYNAMEISJEFF    
1 62712U 25009DH  26278.22602047  .00008446  00000+0  59504-3 0  9999
2 62712  97.7238   1.2747 0003515 143.0668 217.0800 15.05260559 94176
LEMUR-2-LEIA-PHILIP     
1 63246U 25052AN  26278.25692913  .00003060  00000+0  26603-3 0  9995
2 63246  97.6677 168.2776 0002702 189.1589 170.9584 14.97703950 85141
LEMUR-2-LIA-MARTIN      
1 63248U 25052AQ  26278.27558459  .00003046  00000+0  25910-3 0  9999
2 63248  97.6724 168.9708 0002734 149.0597 211.0788 14.98557858 85167
LEMUR-2-DELOITTE-1      
1 63259U 25052BB  26278.27165986  .00002733  00000+0  23498-3 0  9991
2 63259  97.6764 169.2959 0003037  81.7940 278.3626 14.98235049 85179
LEMUR-2-EMERSONROSE     
1 63261U 25052BD  26278.20325419  .00002412  00000+0  19990-3 0  9992
2 63261  97.6771 170.0131 0004724  41.1657 318.9922 14.99761910 85229
LEMUR-2-MARACHE-FRAN    
1 63262U 25052BE  26278.23370230  .00004826  00000+0  38330-3 0  9997
2 63262  97.6632 170.4560 0010215   8.1340 352.0047 15.00899971 85263
LEMUR-2-THEFALCONER     
1 63264U 25052BG  26278.25061181  .00001686  00000+0  14829-3 0  9991
2 63264  97.6700 168.7667 0002476  40.1226 320.0179 14.97841480 85165
LEMUR-2-UNTITLED-SC     
1 63351U 25061A   26278.21192936  .00003396  00000+0  18950-3 0  9996
2 63351  97.5779 252.9021 0016837 243.4333 116.5173 15.14132600 84236
LEMUR-2-ESPERANZA       
1 63352U 25061B   26277.91730945  .00002668  00000+0  14930-3 0  9996
2 63352  97.5786 252.7294 0016451 243.8028 116.1513 15.14232417 84198
LEMUR-2-KREMPEL-BRO2    
1 63353U 25061C   26278.24294203  .00002908  00000+0  16032-3 0  9998
2 63353  97.5832 253.7277 0017442 234.2011 125.7600 15.14679439 84260
LEMUR-2-THERMORAPTOR    
1 63354U 25061D   26278.15298871  .00003348  00000+0  18356-3 0  9994
2 63354  97.5837 253.7348 0017181 233.1556 126.8101 15.14764229 84256
LEMUR-2-NEUROSPICY      
1 63355U 25061E   26277.91800559  .00002796  00000+0  15354-3 0  9991
2 63355  97.5764 253.0421 0015006 237.6313 122.3467 15.14879203 84227
LEMUR-2-TILLINFINITY    
1 63356U 25061F   26278.17427063  .00003115  00000+0  16767-3 0  9991
2 63356  97.5750 253.6667 0016402 223.5061 136.4878 15.15487458 84293
LEMUR-2-KREMPEL-BRO1    
1 63357U 25061G   26277.89819570  .00003202  00000+0  17321-3 0  9992
2 63357  97.5751 253.2758 0017019 225.9995 133.9835 15.15282239 84249
LEMUR-2-LANGER2SPACE    
1 63358U 25061H   26278.21129545  .00003463  00000+0  18884-3 0  9990
2 63358  97.5756 253.3564 0014929 234.4799 125.5041 15.14967613 84279
LEMUR-2-BALTO           
1 63395U 25052BH  26278.21756783  .00003920  00000+0  31289-3 0  9993
2 63395  97.6603 170.4931 0008051  70.2754 289.9337 15.00838206 85268
LEMUR-2-KRISH           
1 64561U 25135AK  26278.25555367  .00004037  00000+0  35553-3 0  9998
2 64561  97.7825  32.4935 0001265 106.9181 253.2179 14.97035257 70388
LEMUR-2-HUBBLE-4        
1 64565U 25135AP  26278.26993943  .00001306  00000+0  12895-3 0  9999
2 64565  97.7787  30.9620 0001062 297.7355  62.3757 14.93657493 70301
LEMUR-2-SEJONG-2        
1 64586U 25135BL  26278.31902733  .00003771  00000+0  32896-3 0  9996
2 64586  97.7770  32.7034 0003508 327.6690  32.4316 14.97452788 70423
LEMUR-2-HUBBLE-5        
1 64840U 25135BT  26278.31221654  .00000896  00000+0  88540-4 0  9998
2 64840  97.7808  31.7722 0004895 345.9540  14.1543 14.94403129 70351
LEMUR-2-KARENDARRELL    
1 64841U 25135BU  26278.26022737  .00007218  00000+0  56265-3 0  9997
2 64841  97.7887  34.5297 0010075 187.4650 172.6426 15.01456077 70523
LEMUR-2-LUCILLE-ROSE    
1 65403U 25135BV  26278.30088586  .00006196  00000+0  48392-3 0  9997
2 65403  97.7609  34.4514 0012767 275.3940  84.5827 15.01417998 65158
LEMUR-2-AFFIE-WAUWIE    
1 66295U 25248C   26277.61811109  .00017543  00000+0  58612-3 0  9994
2 66295  45.3914 240.3838 0006095 357.7479   2.3383 15.30846427 51348
OTTER SDM               
1 66678U 25276N   26278.16333867  .00006244  00000+0  28553-3 0  9998
2 66678  97.4113 349.8417 0004993 350.2303   9.8834 15.20882856 47128
LEMUR-2-STAS-GORBUK     
1 66686U 25276W   26278.14443132  .00004611  00000+0  21509-3 0  9992
2 66686  97.4148 349.8532 0004350 350.2300   9.8850 15.20337421 47117
LEMUR-2-TEODOR          
1 66768U 25276DG  26277.74359246  .00003909  00000+0  17412-3 0  9997
2 66768  97.4053 349.8378 0002230 107.2186 252.9295 15.22028620 47101
LEMUR-2-LAILA           
1 66776U 25276DQ  26278.22683185  .00005435  00000+0  23915-3 0  9993
2 66776  97.4078 350.5059 0002476 122.5893 237.5583 15.22273064 47180
LEMUR-2-CELIJO-SB-PK    
1 66781U 25276DV  26277.93235168  .00005294  00000+0  41843-3 0  9993
2 66781  97.5154 345.0852 0003823 119.3828 240.7779 15.01060447 39080
LEMUR-2-FINNIAN         
1 66782U 25276DW  26277.75886924  .00003424  00000+0  27159-3 0  9993
2 66782  97.5170 345.3376 0009622  91.9797 268.2530 15.01133474 36433
LEMUR-2-STARLIGHT       
1 66783U 25276DX  26278.00402915  .00004623  00000+0  37508-3 0  9998
2 66783  97.5145 344.8939 0018588 114.0482 246.2689 14.99995855 46655
LEMUR-2-TARTIFLETTE     
1 66784U 25276DY  26278.13609534  .00005245  00000+0  42516-3 0  9995
2 66784  97.5142 345.0307 0017435 120.2806 240.0146 14.99983829 46674
LEMUR-2-VUKASIN         
1 66785U 25276DZ  26278.17632567  .00004467  00000+0  35305-3 0  9995
2 66785  97.4991 345.4681 0005863  89.8685 270.3212 15.01132094 46643
LEMUR-2-HOTSPUR-TOM     
1 66786U 25276EA  26278.00180485  .00005210  00000+0  42305-3 0  9990
2 66786  97.5127 344.8514 0017883 118.1575 242.1459 14.99917629 46587
LEMUR-2-MYRA            
1 66787U 25276EB  26278.13991284  .00005528  00000+0  43375-3 0  9992
2 66787  97.5355 345.5485 0017552 134.3570 225.9096 15.01210672 46702
LEMUR-2 FIKRETDENGIZ    
1 67363U 26004A   26276.95548561  .00002199  00000+0  23954-3 0  9999
2 67363  97.8099 273.9407 0009637 134.1893 226.0118 14.88987598 39464
TWILIGHT-1 OBJECT B     
1 67364U 26004B   26277.98087309  .00001091  00000+0  12474-3 0  9997
2 67364  97.8143 274.8877 0009836 122.9661 237.2503 14.88002365 39614
LEMUR-2-MARIO-SOUSA     
1 67365U 26004C   26277.99867879  .00002026  00000+0  22008-3 0  9990
2 67365  97.8066 274.9592 0009281 131.4819 228.7196 14.89183851 39634
LEMUR-2-SONNENBLUME     
1 67367U 26004E   26277.95420671  .00001707  00000+0  18828-3 0  9993
2 67367  97.8067 274.8418 0008934 133.5819 226.6141 14.88775150 39624
LEMUR-2-WOBLER          
1 67368U 26004F   26277.99313270  .00003014  00000+0  32472-3 0  9998
2 67368  97.8120 275.1251 0009276 123.6557 236.5546 14.89163857 39639
LEMUR-2-GRAM-E-SUE      
1 67370U 26004H   26277.99399737  .00002982  00000+0  32262-3 0  9993
2 67370  97.8053 274.9030 0008080 134.0134 226.1750 14.89003346 39636
LEMUR-2-KATIE           
1 67387U 26004AA  26278.25793210  .00003612  00000+0  37284-3 0  9995
2 67387  97.8109 275.9966 0004554  89.0648 271.1092 14.90793618 39703
LEMUR-2-HCS-BAZUS       
1 67388U 26004AB  26277.98799827  .00003279  00000+0  33912-3 0  9998
2 67388  97.8096 275.6943 0004200  85.6364 274.5334 14.90778738 39663
