ISS (ZARYA)             
1 25544U 98067A   26262.82001781  .00006637  00000+0  12771-3 0  9997
2 25544  51.6308 191.7362 0004805 159.3703 200.7480 15.49182662586429
POISK                   
1 36086U 09060A   26262.82001779  .00006624  00000+0  12748-3 0  9992
2 36086  51.6308 191.7362 0004806 159.4528 200.6655 15.49182629586942
CSS (TIANHE)            
1 48274U 21035A   26262.83410796  .00014951  00000+0  18266-3 0  9997
2 48274  41.4678 107.3304 0002590 292.1242  67.9322 15.60113249307947
ISS (NAUKA)             
1 49044U 21066A   26262.82001779  .00006624  00000+0  12748-3 0  9990
2 49044  51.6308 191.7362 0004806 159.4528 200.6655 15.49182629586984
FREGAT DEB              
1 49271U 11037PF  26262.19552305  .00010835  00000+0  15154-1 0  9996
2 49271  51.6468  78.6970 0944064 131.6853 236.8792 12.44551487236746
CSS (WENTIAN)           
1 53239U 22085A   26262.83410796  .00014951  00000+0  18266-3 0  9990
2 53239  41.4678 107.3304 0002590 292.1242  67.9322 15.60113249288234
CSS (MENGTIAN)          
1 54216U 22143A   26262.83410796  .00014951  00000+0  18266-3 0  9991
2 54216  41.4678 107.3304 0002590 292.1242  67.9322 15.60113249308075
HRC MONOBLOCK CAMERA    
1 66052U 98067XR  26262.07957841  .00237527  33569-4  55611-3 0  9995
2 66052  51.6134 150.4403 0004853 177.6725 182.4306 15.96483619 52871
SZ-21 MODULE            
1 66515U 25246C   26262.79020192  .00068397  00000+0  26788-3 0  9996
2 66515  41.4702  74.2737 0011480 331.5770  28.4450 15.85904869 48711
DUPLEX                  
1 66906U 98067XS  26262.29963166  .00049784  00000+0  40681-3 0  9990
2 66906  51.6242 171.6944 0004510 159.1950 200.9231 15.70045691 45409
KNACKSAT-2              
1 67683U 98067XZ  26262.25468691  .00061304  00000+0  51271-3 0  9991
2 67683  51.6237 178.1756 0008279 181.0467 179.0514 15.69367004 35000
GXIBA-1                 
1 67685U 98067YB  26262.16260515  .00085130  00000+0  59589-3 0  9991
2 67685  51.6226 176.0233 0009011 179.5628 180.5381 15.73458924 35021
UITMSAT-2               
1 67686U 98067YC  26262.04776538  .00203393  00000+0  80180-3 0  9990
2 67686  51.6181 170.6922 0008124 164.7475 195.3775 15.85686331 35082
LEOPARD                 
1 67687U 98067YD  26262.14038350  .00149197  00000+0  95417-3 0  9995
2 67687  51.6236 176.6625 0008795 163.3610 196.7679 15.75302472 34931
HMU-SAT2                
1 67688U 98067YE  26260.07700136  .00139051  00000+0  77089-3 0  9997
2 67688  51.6250 183.8500 0007462 144.1512 215.9991 15.78576202 34655
CREW DRAGON 12          
1 67796U 26031A   26262.17494103  .00006053  00000+0  11723-3 0  9994
2 67796  51.6309 194.9288 0004806 156.4521 203.6688 15.49173263586276
CYGNUS NG-24            
1 68689U 26079A   26262.17494103  .00006053  00000+0  11723-3 0  9998
2 68689  51.6309 194.9288 0004806 156.4521 203.6688 15.49173263586290
PROGRESS-MS 34          
1 68837U 26093A   26262.17494103  .00006053  00000+0  11723-3 0  9999
2 68837  51.6309 194.9288 0004806 156.4521 203.6688 15.49173263586318
TIANZHOU-10             
1 69049U 26102A   26262.00191386  .00016394  00000+0  20004-3 0  9996
2 69049  41.4678 112.3893 0002619 289.2940  70.7615 15.60089839308702
SHENZHOU-23 (SZ-23)     
1 69180U 26113A   26262.00191386  .00016394  00000+0  20004-3 0  9994
2 69180  41.4678 112.3893 0002619 289.2940  70.7615 15.60089839307897
