DMSP 5D-3 F16 (USA 172) 
1 28054U 03048A   26277.94930072  .00000011  00000+0  29305-4 0  9996
2 28054  98.9842 302.4803 0006885 187.9008 243.0209 14.14493281185002
METEOSAT-9 (MSG-2)      
1 28912U 05049B   26276.71978767  .00000116  00000+0  00000+0 0  9991
2 28912   9.6037  53.0646 0001359   3.3230 260.8558  1.00270622  8082
DMSP 5D-3 F17 (USA 191) 
1 29522U 06050A   26277.98379587  .00000110  00000+0  79248-4 0  9996
2 29522  98.7428 282.3332 0011206 101.3560 258.8873 14.15012680 27951
FENGYUN 3A              
1 32958U 08026A   26277.85990241  .00000038  00000+0  38573-4 0  9995
2 32958  98.6966 216.6728 0008825 165.2642 194.8793 14.19589929950961
EWS-G3 (GOES 14)        
1 35491U 09033A   26277.87364199  .00000000  00000+0  00000+0 0  9996
2 35491   1.9670  81.4708 0002250 117.4879 197.7411  1.00070278  7687
DMSP 5D-3 F18 (USA 210) 
1 35951U 09057A   26277.96080236  .00000156  00000+0  10367-3 0  9993
2 35951  98.9181 258.5626 0010177 303.5132  56.5068 14.14948453875113
EWS-G2 (GOES 15)        
1 36411U 10008A   26277.90175642  .00000007  00000+0  00000+0 0  9997
2 36411   1.5742  81.7355 0004782  93.8383 225.9835  1.00272566 60739
FENGYUN 3B              
1 37214U 10059A   26277.98871828  .00000030  00000+0  38841-4 0  9997
2 37214  98.9507 324.4056 0021245 233.8683 192.7476 14.14859924822957
SUOMI NPP               
1 37849U 11061A   26277.94563278  .00000071  00000+0  54806-4 0  9992
2 37849  98.8039 218.1044 0002311  37.8598 322.2740 14.19536744774010
METEOSAT-10 (MSG-3)     
1 38552U 12035B   26277.67535399 -.00000018  00000+0  00000+0 0  9993
2 38552   4.9271  60.3959 0000969 147.2963  48.9486  1.00274188 51956
METOP-B                 
1 38771U 12049A   26277.92826771  .00000040  00000+0  38202-4 0  9990
2 38771  98.6381 327.1728 0002931  50.4962 309.6474 14.21462652728850
INSAT-3D                
1 39216U 13038B   26277.92177983 -.00000353  00000+0  00000+0 0  9996
2 39216   2.2030  81.0228 0001942 135.4278 258.5335  1.00272440 48189
FENGYUN 3C              
1 39260U 13052A   26277.94045382  .00000080  00000+0  61934-4 0  9994
2 39260  98.5146 246.8515 0015764  69.0486 291.2374 14.15775289674095
METEOR-M 2              
1 40069U 14037A   26277.95303714 -.00000116  00000+0 -33529-4 0  9995
2 40069  98.5276 249.8800 0006995  79.3051 280.8914 14.21487238634918
HIMAWARI-8              
1 40267U 14060A   26277.82197650 -.00000291  00000+0  00000+0 0  9993
2 40267   0.0265  62.6686 0001382 170.8938 216.5228  1.00273286 43853
FENGYUN 2G              
1 40367U 14090A   26277.92162061 -.00000313  00000+0  00000+0 0  9991
2 40367   5.9100  71.4297 0004473 186.4365 187.1117  1.00264375 43100
METEOSAT-11 (MSG-4)     
1 40732U 15034A   26277.81980044  .00000052  00000+0  00000+0 0  9992
2 40732   3.4708  70.3052 0000480  96.5400 151.3538  1.00279329  8314
ELEKTRO-L 2             
1 41105U 15074A   26277.24477230 -.00000128  00000+0  00000+0 0  9991
2 41105   6.9614  69.1338 0002601 193.7681 183.6465  1.00270776 39604
SENTINEL-3A             
1 41335U 16011A   26277.89966798  .00000038  00000+0  33605-4 0  9992
2 41335  98.6255 343.6964 0001281 104.3080 255.8243 14.26738304553703
INSAT-3DR               
1 41752U 16054A   26277.87703791 -.00000093  00000+0  00000+0 0  9992
2 41752   0.0855  86.8567 0012598 178.0666 138.3870  1.00270904 36910
HIMAWARI-9              
1 41836U 16064A   26277.70326078 -.00000290  00000+0  00000+0 0  9996
2 41836   0.0429  21.2296 0001140 193.6212 192.4968  1.00271863 36300
GOES 16                 
1 41866U 16071A   26277.60900556 -.00000106  00000+0  00000+0 0  9991
2 41866   0.6061  83.9993 0002274 149.2412 254.6180  1.00270976 36208
FENGYUN 4A              
1 41882U 16077A   26277.92525225 -.00000372  00000+0  00000+0 0  9991
2 41882   2.5943  78.8738 0008525 168.2056 222.7584  1.00272960 36036
CYGFM05                 
1 41884U 16078A   26277.22885540  .00020656  00000+0  23369-3 0  9999
2 41884  34.9555 255.9613 0004359 135.2555 224.8523 15.61436522545786
CYGFM04                 
1 41885U 16078B   26277.95281188  .00045029  00000+0  38910-3 0  9997
2 41885  34.9299 212.4184 0005245 211.0305 149.0113 15.68072540546208
CYGFM02                 
1 41886U 16078C   26277.87630779  .00058417  00000+0  40562-3 0  9994
2 41886  34.9377 203.3342 0006274 220.7883 139.2377 15.73225779546407
CYGFM01                 
1 41887U 16078D   26277.22762989  .00021467  00000+0  23468-3 0  9994
2 41887  34.9383 256.0400 0003952 131.6113 228.4952 15.62312493545745
CYGFM08                 
1 41888U 16078E   26277.92677149  .00039629  00000+0  37300-3 0  9994
2 41888  34.9411 227.5718 0005959 179.9350 180.1379 15.65986408546159
CYGFM07                 
1 41890U 16078G   26277.94180764  .00039568  00000+0  37028-3 0  9990
2 41890  34.9423 215.7000 0005501 203.3687 156.6791 15.66132804546189
CYGFM03                 
1 41891U 16078H   26277.91396541  .00039090  00000+0  36630-3 0  9998
2 41891  34.9382 217.8019 0004426 194.3373 165.7229 15.66107891546155
FENGYUN 3D              
1 43010U 17072A   26277.94633839 -.00000363  00000+0 -14947-3 0  9995
2 43010  99.0285 254.4258 0002561  90.8382 269.3086 14.19756840460567
NOAA 20 (JPSS-1)        
1 43013U 17073A   26277.88891285  .00000040  00000+0  39776-4 0  9991
2 43013  98.7850 216.4054 0000737  30.7726 329.3493 14.19529061460038
GOES 17                 
1 43226U 18022A   26277.87145403 -.00000198  00000+0  00000+0 0  9993
2 43226   1.2137  83.8303 0001311 161.9301 352.0328  1.00272337 31524
SENTINEL-3B             
1 43437U 18039A   26277.94292281  .00000038  00000+0  33783-4 0  9991
2 43437  98.6251 343.8881 0000994  67.6480 292.4806 14.26736281439773
FENGYUN 2H              
1 43491U 18050A   26277.96786666 -.00000143  00000+0  00000+0 0  9990
2 43491   3.3066  77.6733 0003170 155.9539 207.7500  1.00269798 30547
METOP-C                 
1 43689U 18087A   26277.94332032  .00000037  00000+0  36849-4 0  9997
2 43689  98.7309 335.6826 0000383 117.9347 242.1869 14.21476200410427
GEO-KOMPSAT-2A          
1 43823U 18100A   26277.54261281 -.00000359  00000+0  00000+0 0  9999
2 43823   0.0484  26.8308 0001315 115.6697 194.3533  1.00271156 28720
METEOR-M2 2             
1 44387U 19038A   26277.96821596 -.00000206  00000+0 -69291-4 0  9997
2 44387  98.9276 266.9361 0002299  72.3345 287.8084 14.24388988376927
FENGYUN 3E              
1 49008U 21062A   26277.98886199  .00000044  00000+0  41247-4 0  9993
2 49008  98.7564 280.2022 0002539 114.0783 246.0659 14.19912415272168
GOES 18                 
1 51850U 22021A   26277.64822719  .00000081  00000+0  00000+0 0  9996
2 51850   0.0163  10.0924 0000656 255.9224 203.7011  1.00270548  7696
NOAA 21 (JPSS-2)        
1 54234U 22150A   26277.91993261  .00000024  00000+0  32049-4 0  9999
2 54234  98.7131 214.8883 0000836 212.9191 147.1933 14.19551791202112
METEOSAT-12 (MTG-I1)    
1 54743U 22170C   26277.67526733 -.00000022  00000+0  00000+0 0  9991
2 54743   0.7548  22.4112 0003067  95.8646 137.8376  1.00274610 14073
TIANMU-1 03             
1 55973U 23039A   26277.95468897  .00016341  00000+0  29188-3 0  9991
2 55973  97.5270  96.5069 0003650  72.3430 287.8220 15.50116417197826
TIANMU-1 04             
1 55974U 23039B   26277.96268311  .00017556  00000+0  30572-3 0  9990
2 55974  97.5192  95.6844 0004488  54.7034 305.4637 15.50817550197842
TIANMU-1 05             
1 55975U 23039C   26277.94128652  .00016563  00000+0  29677-3 0  9993
2 55975  97.5251  96.0664 0003431  80.5601 279.6038 15.50024151197808
TIANMU-1 06             
1 55976U 23039D   26277.97411221  .00017799  00000+0  31136-3 0  9999
2 55976  97.5261  96.8519 0003147  76.6175 283.5427 15.50690708197840
FENGYUN 3G              
1 56232U 23055A   26272.26318046  .00016751  00000+0  25793-3 0  9990
2 56232  49.9916 169.2876 0010954  97.6393 262.5820 15.54217677196188
METEOR-M2 3             
1 57166U 23091A   26277.98838104 -.00000042  00000+0  54658-6 0  9995
2 57166  98.5964 330.6518 0003563 194.8489 165.2586 14.24053435170141
TIANMU-1 07             
1 57399U 23101A   26277.94881821  .00005136  00000+0  17466-3 0  9996
2 57399  97.2482 326.1078 0004207 102.1752 257.9961 15.30867638178434
TIANMU-1 08             
1 57400U 23101B   26277.98077738  .00005136  00000+0  17466-3 0  9997
2 57400  97.2470 325.8934 0005541  92.8321 267.3555 15.30865135178434
TIANMU-1 09             
1 57401U 23101C   26277.96328265  .00005346  00000+0  18176-3 0  9992
2 57401  97.2430 325.2333 0005051 104.4530 255.7273 15.30853101178434
TIANMU-1 10             
1 57402U 23101D   26277.93015631  .00005617  00000+0  19052-3 0  9995
2 57402  97.2508 326.3691 0006237 102.9113 257.2826 15.30907170178423
FENGYUN 3F              
1 57490U 23111A   26277.89948494 -.00000011  00000+0  15245-4 0  9995
2 57490  98.6733 345.8043 0001470 105.0222 255.1117 14.19953307164436
TIANMU-1 11             
1 58645U 23205A   26277.97827076  .00004506  00000+0  16795-3 0  9995
2 58645  97.3422 297.8683 0007937 347.6545  12.4499 15.27921264154288
TIANMU-1 12             
1 58646U 23205B   26277.96801297  .00004446  00000+0  16744-3 0  9999
2 58646  97.3413 297.5541 0006328 333.8091  26.2827 15.27595809154263
TIANMU-1 13             
1 58647U 23205C   26277.99993240  .00004706  00000+0  17715-3 0  9991
2 58647  97.3439 297.8982 0004576 312.4909  47.5943 15.27586604154266
TIANMU-1 14             
1 58648U 23205D   26277.98275397  .00004481  00000+0  16871-3 0  9999
2 58648  97.3378 296.9773 0005447 317.7329  42.3490 15.27608514154264
TIANMU-1 19             
1 58660U 23208A   26277.92919437  .00007835  00000+0  24789-3 0  9993
2 58660  97.4588  34.9666 0003405 288.0660  72.0211 15.33046102154136
TIANMU-1 20             
1 58661U 23208B   26277.94698992  .00008099  00000+0  24666-3 0  9993
2 58661  97.4536  35.7365 0005482 294.1738  65.8931 15.34241732154244
TIANMU-1 21             
1 58662U 23208C   26277.95531816  .00009678  00000+0  27091-3 0  9995
2 58662  97.4602  38.9312 0005445 285.1426  74.9215 15.36841173154411
TIANMU-1 22             
1 58663U 23208D   26277.95242911  .00006947  00000+0  22454-3 0  9995
2 58663  97.4587  34.8236 0002507 328.6798  31.4294 15.32408720154132
TIANMU-1 15             
1 58700U 24004A   26277.97987441  .00004973  00000+0  18701-3 0  9995
2 58700  97.4664 104.2335 0006078 318.3709  41.7066 15.27600649152538
TIANMU-1 16             
1 58701U 24004B   26277.96490198  .00004693  00000+0  17658-3 0  9992
2 58701  97.4616 103.3904 0004810 336.0462  24.0552 15.27616164152536
TIANMU-1 17             
1 58702U 24004C   26277.94946951  .00004855  00000+0  18212-3 0  9991
2 58702  97.4640 103.9008 0004809 346.2650  13.8457 15.27702319152522
TIANMU-1 18             
1 58703U 24004D   26277.99691544  .00004591  00000+0  17349-3 0  9999
2 58703  97.4656 104.2157 0004336 325.6475  34.4483 15.27487140152531
INSAT-3DS               
1 58990U 24033A   26277.98953588 -.00000171  00000+0  00000+0 0  9990
2 58990   0.0276 107.0863 0001496 103.7763 241.1132  1.00269705 48163
METEOR-M2 4             
1 59051U 24039A   26277.98687566  .00000013  00000+0  25593-4 0  9998
2 59051  98.7165 235.9720 0006423 204.6676 155.4196 14.22439089134878
GOES 19                 
1 60133U 24119A   26277.44663956 -.00000263  00000+0  00000+0 0  9997
2 60133   0.0445  24.7305 0000845 237.8862 196.1403  1.00273836  8060
MTG-S1                  
1 64723U 25143A   26277.88918970 -.00000021  00000+0  00000+0 0  9993
2 64723   0.6130 345.0286 0004229 257.6813  90.8284  1.00274750  4518
METOP-SGA1              
1 65159U 25172A   26277.76639433 -.00000004  00000+0  18538-4 0  9991
2 65159  98.7421 335.6014 0000861 101.5341 258.5933 14.21468833 59358
FENGYUN 3H              
1 65815U 25219A   26277.82682467  .00000026  00000+0  32627-4 0  9992
2 65815  98.6850 216.4941 0001554  87.5397 272.5957 14.19935399 52944
